index,File,AvgCyclomatic,AvgCyclomaticModified,AvgEssential,AvgLine,AvgLineBlank,AvgLineCode,AvgLineComment,CountDeclExecutableUnit,CountDeclModule,CountDeclProgunit,CountDeclSubprogram,CountLine,CountLineBlank,CountLineCode,CountLineCodeDecl,CountLineCodeExe,CountLineComment,CountStmt,CountStmtDecl,CountStmtExe,MaxCyclomatic,MaxCyclomaticModified,MaxEssential,MaxNesting,RatioCommentToCode,SumCyclomatic,SumCyclomaticModified,SumEssential,Bugs
0,graph.F90,6.0,6.0,3.0,61.0,11.0,38.0,12.0,1.0,0.0,1.0,1.0,98.0,14.0,40.0,15.0,24.0,46.0,35.0,11.0,24.0,6.0,6.0,3.0,2.0,1.15,6.0,6.0,3.0,0.0
2,k1.F90,2.0,2.0,0.0,59.0,1.0,17.0,40.0,5.0,0.0,3.0,3.0,333.0,10.0,90.0,47.0,42.0,235.0,68.0,26.0,42.0,9.0,9.0,1.0,3.0,2.61,11.0,11.0,3.0,0.0
3,calc_ucrpa.F90,21.0,21.0,2.0,245.0,30.0,138.0,77.0,6.0,0.0,1.0,6.0,1227.0,139.0,632.0,141.0,489.0,466.0,633.0,99.0,534.0,78.0,76.0,6.0,5.0,0.74,131.0,129.0,16.0,0.0
4,m_sgfft.F90,41.0,40.0,1.0,385.0,40.0,282.0,70.0,14.0,1.0,1.0,14.0,6177.0,616.0,3969.0,355.0,3597.0,1704.0,3729.0,228.0,3501.0,159.0,159.0,4.0,8.0,0.43,574.0,571.0,17.0,0.0
5,hartre1.F90,12.0,12.0,1.0,163.0,26.0,91.0,46.0,1.0,0.0,1.0,1.0,228.0,29.0,93.0,30.0,62.0,108.0,82.0,23.0,59.0,12.0,12.0,1.0,4.0,1.16,12.0,12.0,1.0,0.0
6,dfpt_rhofermi.F90,31.0,31.0,2.0,309.0,39.0,228.0,44.0,2.0,0.0,1.0,1.0,754.0,83.0,459.0,170.0,288.0,219.0,391.0,97.0,294.0,62.0,62.0,4.0,6.0,0.48,62.0,62.0,4.0,0.0
7,gwls_DielectricArray.F90,22.0,22.0,1.0,340.0,106.0,169.0,88.0,6.0,1.0,1.0,6.0,2291.0,672.0,1061.0,347.0,713.0,698.0,874.0,186.0,688.0,82.0,82.0,1.0,7.0,0.66,133.0,133.0,6.0,0.0
8,macroin.F90,36.0,36.0,1.0,221.0,11.0,193.0,24.0,1.0,0.0,1.0,1.0,270.0,15.0,195.0,24.0,170.0,69.0,205.0,18.0,187.0,36.0,36.0,1.0,4.0,0.35,36.0,36.0,1.0,0.0
9,wvl_cprjreorder.F90,2.0,2.0,1.0,102.0,18.0,64.0,21.0,1.0,0.0,1.0,1.0,140.0,21.0,66.0,11.0,1.0,56.0,10.0,8.0,2.0,2.0,2.0,1.0,1.0,0.85,2.0,2.0,1.0,0.0
10,status.F90,29.0,29.0,1.0,315.0,63.0,208.0,48.0,1.0,0.0,1.0,1.0,369.0,66.0,210.0,27.0,182.0,99.0,202.0,21.0,181.0,29.0,29.0,1.0,7.0,0.47,29.0,29.0,1.0,0.0
11,posdoppler.F90,103.0,103.0,8.0,591.0,54.0,491.0,69.0,3.0,0.0,1.0,1.0,1584.0,150.0,1236.0,285.0,950.0,262.0,1034.0,114.0,920.0,201.0,201.0,23.0,22.0,0.21,309.0,309.0,24.0,0.0
12,outwant.F90,63.0,63.0,3.0,385.0,39.0,273.0,76.0,1.0,0.0,1.0,1.0,455.0,42.0,275.0,46.0,228.0,143.0,263.0,30.0,233.0,63.0,63.0,3.0,7.0,0.52,63.0,63.0,3.0,0.0
13,m_bfgs.F90,9.0,9.0,1.0,101.0,15.0,50.0,35.0,3.0,1.0,1.0,3.0,461.0,65.0,167.0,64.0,102.0,236.0,152.0,52.0,100.0,14.0,14.0,1.0,5.0,1.41,27.0,27.0,3.0,0.0
14,eph.F90,3.0,3.0,0.0,49.0,7.0,31.0,11.0,7.0,0.0,1.0,1.0,421.0,53.0,224.0,91.0,134.0,150.0,207.0,73.0,134.0,24.0,24.0,1.0,3.0,0.67,24.0,24.0,1.0,0.0
15,prtxfase.F90,13.0,13.0,1.0,173.0,31.0,93.0,51.0,3.0,0.0,1.0,3.0,495.0,76.0,235.0,43.0,191.0,188.0,179.0,43.0,136.0,29.0,29.0,1.0,2.0,0.80,39.0,39.0,3.0,0.0
16,invars1.F90,69.0,69.0,2.0,437.0,71.0,308.0,60.0,2.0,0.0,1.0,1.0,949.0,145.0,619.0,98.0,520.0,193.0,568.0,39.0,529.0,139.0,139.0,5.0,5.0,0.31,139.0,139.0,5.0,0.0
17,pimd_nosehoover_nvt.F90,12.0,12.0,1.0,245.0,37.0,153.0,63.0,1.0,0.0,1.0,1.0,315.0,42.0,155.0,59.0,95.0,128.0,121.0,27.0,94.0,12.0,12.0,1.0,2.0,0.83,12.0,12.0,1.0,0.0
18,rhotov.F90,23.0,23.0,0.0,186.0,24.0,132.0,31.0,2.0,0.0,1.0,1.0,478.0,52.0,267.0,68.0,198.0,164.0,225.0,51.0,174.0,47.0,47.0,1.0,5.0,0.61,47.0,47.0,1.0,0.0
19,radsintr.F90,13.0,13.0,1.0,148.0,34.0,68.0,49.0,1.0,0.0,1.0,1.0,194.0,37.0,70.0,21.0,48.0,92.0,68.0,14.0,54.0,13.0,13.0,1.0,3.0,1.31,13.0,13.0,1.0,0.0
20,mag_constr.F90,6.0,6.0,3.0,76.0,12.0,45.0,20.0,3.0,0.0,1.0,1.0,282.0,42.0,138.0,43.0,94.0,110.0,131.0,40.0,91.0,19.0,19.0,9.0,7.0,0.80,19.0,19.0,9.0,0.0
21,defs_xc.F90,0.0,0.0,0.0,0.0,0.0,0.0,0.0,0.0,1.0,1.0,9.0,350.0,18.0,111.0,110.0,0.0,237.0,101.0,101.0,0.0,0.0,0.0,0.0,0.0,2.14,0.0,0.0,0.0,0.0
22,ptg_D2.F90,2.0,2.0,1.0,88.0,9.0,67.0,12.0,1.0,0.0,1.0,1.0,128.0,13.0,69.0,20.0,48.0,48.0,60.0,11.0,49.0,2.0,2.0,1.0,1.0,0.70,2.0,2.0,1.0,0.0
23,conducti_paw_core.F90,22.0,22.0,1.0,266.0,38.0,188.0,45.0,1.0,0.0,1.0,1.0,329.0,41.0,190.0,68.0,121.0,105.0,155.0,35.0,120.0,22.0,22.0,1.0,6.0,0.55,22.0,22.0,1.0,0.0
24,pawmknhat_psipsi.F90,66.0,66.0,1.0,386.0,40.0,313.0,50.0,1.0,0.0,1.0,1.0,454.0,43.0,315.0,72.0,242.0,115.0,297.0,45.0,252.0,66.0,66.0,1.0,8.0,0.37,66.0,66.0,1.0,0.0
25,ddb_io_out.F90,31.0,31.0,1.0,262.0,16.0,188.0,58.0,1.0,0.0,1.0,1.0,349.0,19.0,190.0,32.0,157.0,142.0,169.0,23.0,146.0,31.0,31.0,1.0,3.0,0.75,31.0,31.0,1.0,0.0
26,wfd_pawrhoij.F90,16.0,16.0,1.0,141.0,23.0,89.0,32.0,1.0,0.0,1.0,1.0,194.0,26.0,91.0,36.0,54.0,82.0,88.0,30.0,58.0,16.0,16.0,1.0,4.0,0.90,16.0,16.0,1.0,0.0
27,dfpt_sydy.F90,28.0,28.0,1.0,120.0,12.0,92.0,16.0,1.0,0.0,1.0,1.0,202.0,17.0,94.0,14.0,79.0,93.0,93.0,13.0,80.0,28.0,28.0,1.0,10.0,0.99,28.0,28.0,1.0,0.0
28,symdet.F90,3.0,3.0,1.0,42.0,8.0,23.0,11.0,1.0,0.0,1.0,1.0,81.0,12.0,25.0,14.0,10.0,46.0,19.0,12.0,7.0,3.0,3.0,1.0,2.0,1.84,3.0,3.0,1.0,0.0
29,exc_plot.F90,32.0,32.0,1.0,353.0,41.0,248.0,78.0,1.0,0.0,1.0,1.0,404.0,44.0,250.0,98.0,151.0,126.0,214.0,59.0,155.0,32.0,32.0,1.0,4.0,0.50,32.0,32.0,1.0,0.0
30,berryphase.F90,62.0,62.0,22.0,647.0,105.0,425.0,135.0,1.0,0.0,1.0,1.0,776.0,108.0,427.0,81.0,345.0,261.0,335.0,39.0,296.0,62.0,62.0,22.0,10.0,0.61,62.0,62.0,22.0,0.0
31,m_ptgroups.F90,8.0,6.0,2.0,55.0,10.0,32.0,12.0,15.0,1.0,1.0,15.0,1253.0,219.0,524.0,195.0,328.0,524.0,492.0,152.0,340.0,35.0,27.0,19.0,5.0,1.00,129.0,98.0,39.0,0.0
32,kptfine_av.F90,19.0,19.0,1.0,137.0,18.0,95.0,24.0,1.0,0.0,1.0,1.0,183.0,21.0,97.0,30.0,66.0,67.0,82.0,22.0,60.0,19.0,19.0,1.0,7.0,0.69,19.0,19.0,1.0,0.0
33,mkcore_paw.F90,10.0,10.0,2.0,98.0,15.0,63.0,23.0,4.0,0.0,1.0,1.0,433.0,65.0,254.0,70.0,183.0,129.0,230.0,52.0,178.0,41.0,41.0,8.0,10.0,0.51,41.0,41.0,8.0,0.0
34,mlwfovlp_pw.F90,39.0,39.0,8.0,320.0,27.0,198.0,109.0,1.0,0.0,1.0,1.0,379.0,31.0,200.0,46.0,153.0,164.0,179.0,28.0,151.0,39.0,39.0,8.0,11.0,0.82,39.0,39.0,8.0,0.0
35,ujdet.F90,31.0,31.0,1.0,314.0,66.0,193.0,57.0,1.0,0.0,1.0,1.0,350.0,70.0,195.0,50.0,137.0,89.0,189.0,33.0,156.0,31.0,31.0,1.0,2.0,0.46,31.0,31.0,1.0,0.0
36,outddbnc.F90,1.0,1.0,1.0,99.0,16.0,61.0,22.0,2.0,0.0,1.0,2.0,236.0,33.0,120.0,39.0,1.0,85.0,38.0,37.0,1.0,1.0,1.0,1.0,0.0,0.71,2.0,2.0,2.0,0.0
37,get_dos_1band_m.F90,4.0,4.0,1.0,56.0,11.0,30.0,15.0,1.0,0.0,1.0,1.0,100.0,15.0,32.0,16.0,15.0,55.0,26.0,13.0,13.0,4.0,4.0,1.0,3.0,1.72,4.0,4.0,1.0,0.0
38,xmpi_sum.finc,1.0,1.0,1.0,45.0,10.0,20.0,15.0,36.0,0.0,36.0,36.0,2508.0,436.0,751.0,225.0,43.0,1324.0,268.0,225.0,43.0,1.0,1.0,1.0,0.0,1.76,36.0,36.0,36.0,0.0
39,nderiv.F90,4.0,4.0,1.0,76.0,12.0,42.0,23.0,1.0,0.0,1.0,1.0,116.0,16.0,44.0,11.0,32.0,59.0,44.0,10.0,34.0,4.0,4.0,1.0,2.0,1.34,4.0,4.0,1.0,0.0
40,matr3inv.F90,2.0,2.0,1.0,52.0,10.0,31.0,11.0,1.0,0.0,1.0,1.0,98.0,14.0,33.0,11.0,21.0,53.0,27.0,9.0,18.0,2.0,2.0,1.0,1.0,1.61,2.0,2.0,1.0,0.0
41,symchk.F90,5.0,5.0,4.0,86.0,13.0,51.0,22.0,1.0,0.0,1.0,1.0,137.0,17.0,53.0,15.0,37.0,69.0,52.0,14.0,38.0,5.0,5.0,4.0,3.0,1.30,5.0,5.0,4.0,0.0
42,pawgrnl.F90,74.0,74.0,1.0,361.0,22.0,309.0,37.0,4.0,0.0,1.0,1.0,1539.0,94.0,1238.0,167.0,1070.0,241.0,1123.0,71.0,1052.0,299.0,299.0,4.0,12.0,0.19,299.0,299.0,4.0,0.0
43,dfpt_nstwf.F90,24.0,24.0,1.0,222.0,30.0,144.0,52.0,2.0,0.0,1.0,1.0,527.0,64.0,291.0,92.0,191.0,185.0,239.0,51.0,188.0,48.0,48.0,3.0,8.0,0.64,48.0,48.0,3.0,0.0
44,ccfft.F90,7.0,7.0,1.0,78.0,17.0,42.0,20.0,1.0,0.0,1.0,1.0,156.0,21.0,44.0,20.0,23.0,94.0,38.0,16.0,22.0,7.0,7.0,1.0,2.0,2.14,7.0,7.0,1.0,0.0
45,complete_gkq.F90,31.0,31.0,9.0,230.0,43.0,137.0,55.0,1.0,0.0,1.0,1.0,270.0,46.0,139.0,32.0,106.0,92.0,129.0,25.0,104.0,31.0,31.0,9.0,8.0,0.66,31.0,31.0,9.0,0.0
46,symsghexa.F90,25.0,10.0,0.0,158.0,17.0,112.0,50.0,2.0,0.0,1.0,1.0,366.0,40.0,226.0,19.0,206.0,144.0,278.0,17.0,261.0,51.0,21.0,1.0,4.0,0.64,51.0,21.0,1.0,0.0
47,fconv.F90,31.0,31.0,1.0,112.0,14.0,83.0,16.0,1.0,0.0,1.0,1.0,179.0,18.0,85.0,18.0,66.0,79.0,88.0,17.0,71.0,31.0,31.0,1.0,4.0,0.93,31.0,31.0,1.0,0.0
48,m_oper.F90,10.0,10.0,1.0,73.0,8.0,48.0,19.0,11.0,1.0,1.0,11.0,1166.0,142.0,573.0,224.0,348.0,496.0,510.0,180.0,330.0,19.0,19.0,1.0,12.0,0.87,113.0,113.0,11.0,0.0
49,first_rec.F90,1.0,1.0,0.0,111.0,16.0,73.0,24.0,2.0,0.0,1.0,1.0,281.0,37.0,150.0,25.0,25.0,103.0,47.0,22.0,25.0,2.0,2.0,1.0,1.0,0.69,2.0,2.0,1.0,0.0
50,test_radsintr.F90,7.0,7.0,1.0,77.0,17.0,47.0,13.0,1.0,0.0,1.0,1.0,117.0,20.0,49.0,21.0,27.0,50.0,37.0,10.0,27.0,7.0,7.0,1.0,1.0,1.02,7.0,7.0,1.0,0.0
51,chkinp.F90,219.0,219.0,5.0,1607.0,149.0,1198.0,287.0,2.0,0.0,1.0,1.0,3264.0,301.0,2398.0,174.0,2207.0,620.0,2034.0,39.0,1995.0,439.0,439.0,11.0,7.0,0.26,439.0,439.0,11.0,0.0
52,setsymrhoij.F90,19.0,19.0,1.0,136.0,18.0,102.0,18.0,1.0,0.0,1.0,1.0,201.0,21.0,104.0,20.0,83.0,80.0,74.0,17.0,57.0,19.0,19.0,1.0,5.0,0.77,19.0,19.0,1.0,0.0
53,ptg_D2d.F90,2.0,2.0,1.0,124.0,10.0,102.0,12.0,1.0,0.0,1.0,1.0,164.0,14.0,104.0,21.0,82.0,48.0,94.0,11.0,83.0,2.0,2.0,1.0,1.0,0.46,2.0,2.0,1.0,0.0
54,testkgrid.F90,45.0,45.0,4.0,333.0,31.0,240.0,64.0,2.0,0.0,1.0,1.0,726.0,65.0,483.0,42.0,440.0,185.0,467.0,33.0,434.0,91.0,91.0,9.0,6.0,0.38,91.0,91.0,9.0,0.0
55,indirect_parallel_Fourier.F90,9.0,9.0,1.0,137.0,15.0,86.0,39.0,1.0,0.0,1.0,1.0,193.0,18.0,88.0,36.0,39.0,92.0,78.0,23.0,55.0,9.0,9.0,1.0,2.0,1.05,9.0,9.0,1.0,0.0
56,hartrestr.F90,4.0,4.0,0.0,52.0,7.0,36.0,9.0,3.0,0.0,1.0,1.0,221.0,27.0,111.0,35.0,75.0,88.0,98.0,27.0,71.0,13.0,13.0,1.0,6.0,0.79,13.0,13.0,1.0,0.0
57,chkpawovlp.F90,9.0,9.0,1.0,103.0,21.0,63.0,21.0,2.0,0.0,1.0,2.0,234.0,41.0,122.0,28.0,93.0,80.0,98.0,24.0,74.0,17.0,17.0,1.0,0.0,0.66,18.0,18.0,2.0,0.0
58,m_results_respfn.F90,5.0,5.0,3.0,42.0,7.0,21.0,14.0,2.0,1.0,1.0,2.0,211.0,37.0,59.0,31.0,27.0,119.0,49.0,27.0,22.0,8.0,8.0,5.0,4.0,2.02,11.0,11.0,6.0,0.0
59,proc_distrb_cycle.F90,3.0,3.0,1.0,29.0,6.0,15.0,8.0,1.0,0.0,1.0,1.0,60.0,9.0,17.0,8.0,8.0,36.0,15.0,7.0,8.0,3.0,3.0,1.0,2.0,2.12,3.0,3.0,1.0,0.0
60,numeric.F90,5.0,5.0,1.0,59.0,5.0,36.0,20.0,4.0,0.0,4.0,4.0,250.0,31.0,147.0,35.0,111.0,84.0,143.0,32.0,111.0,7.0,7.0,4.0,3.0,0.57,21.0,21.0,7.0,0.0
61,scalewf_nonlop.F90,10.0,10.0,1.0,82.0,15.0,45.0,23.0,1.0,0.0,1.0,1.0,132.0,19.0,47.0,17.0,29.0,69.0,41.0,13.0,28.0,10.0,10.0,1.0,4.0,1.47,10.0,10.0,1.0,0.0
62,m_clib.F90,1.0,1.0,1.0,25.0,6.0,10.0,8.0,4.0,1.0,1.0,5.0,400.0,55.0,67.0,46.0,20.0,282.0,66.0,45.0,21.0,2.0,2.0,1.0,1.0,4.21,5.0,5.0,4.0,0.0
63,defs_datatypes.F90,0.0,0.0,0.0,0.0,0.0,0.0,0.0,0.0,1.0,1.0,0.0,637.0,139.0,139.0,138.0,0.0,393.0,137.0,137.0,0.0,0.0,0.0,0.0,0.0,2.83,0.0,0.0,0.0,0.0
64,cont13.F90,1.0,1.0,1.0,61.0,13.0,31.0,17.0,1.0,0.0,1.0,1.0,110.0,17.0,33.0,8.0,24.0,62.0,13.0,7.0,6.0,1.0,1.0,1.0,0.0,1.88,1.0,1.0,1.0,0.0
65,spectral_function.F90,4.0,4.0,0.0,58.0,9.0,32.0,17.0,2.0,0.0,1.0,1.0,162.0,21.0,67.0,34.0,32.0,77.0,60.0,30.0,30.0,8.0,8.0,1.0,1.0,1.15,8.0,8.0,1.0,0.0
66,random_stopping_power.F90,19.0,19.0,3.0,211.0,35.0,134.0,50.0,1.0,0.0,1.0,1.0,250.0,38.0,136.0,52.0,83.0,86.0,123.0,41.0,82.0,19.0,19.0,3.0,4.0,0.63,19.0,19.0,3.0,0.0
67,eigen_meandege.F90,12.0,12.0,1.0,87.0,14.0,54.0,19.0,1.0,0.0,1.0,1.0,132.0,19.0,56.0,16.0,39.0,59.0,53.0,14.0,39.0,12.0,12.0,1.0,5.0,1.05,12.0,12.0,1.0,0.0
68,symlist_fcc.F90,21.0,18.0,1.0,91.0,23.0,49.0,19.0,1.0,0.0,1.0,1.0,137.0,27.0,51.0,10.0,40.0,61.0,65.0,9.0,56.0,21.0,18.0,1.0,2.0,1.20,21.0,18.0,1.0,0.0
69,thetaft.F90,3.0,3.0,1.0,62.0,11.0,31.0,20.0,1.0,0.0,1.0,1.0,66.0,12.0,32.0,7.0,24.0,23.0,19.0,7.0,12.0,3.0,3.0,1.0,1.0,0.72,3.0,3.0,1.0,0.0
70,outscfcv.F90,58.0,58.0,0.0,534.0,78.0,384.0,89.0,2.0,0.0,1.0,1.0,1194.0,159.0,771.0,199.0,556.0,302.0,588.0,123.0,465.0,117.0,117.0,1.0,6.0,0.39,117.0,117.0,1.0,0.0
71,cg_outer_spin_product.F90,1.0,1.0,1.0,31.0,8.0,13.0,10.0,1.0,0.0,1.0,1.0,70.0,11.0,15.0,9.0,5.0,46.0,13.0,8.0,5.0,1.0,1.0,1.0,0.0,3.07,1.0,1.0,1.0,0.0
72,ionion_realspace.F90,9.0,9.0,1.0,80.0,13.0,50.0,17.0,1.0,0.0,1.0,1.0,124.0,16.0,52.0,20.0,31.0,58.0,39.0,15.0,24.0,9.0,9.0,1.0,4.0,1.12,9.0,9.0,1.0,0.0
73,cpdrv.F90,47.0,47.0,19.0,384.0,55.0,283.0,53.0,2.0,0.0,1.0,1.0,817.0,113.0,568.0,58.0,509.0,152.0,516.0,26.0,490.0,94.0,94.0,39.0,7.0,0.27,94.0,94.0,39.0,0.0
74,wvl_wfs_set.F90,1.0,1.0,1.0,75.0,14.0,44.0,17.0,3.0,0.0,3.0,3.0,329.0,47.0,136.0,37.0,5.0,149.0,38.0,34.0,4.0,2.0,2.0,1.0,1.0,1.10,4.0,4.0,3.0,0.0
75,xmpi_exch.finc,1.0,1.0,1.0,41.0,8.0,20.0,12.0,10.0,0.0,10.0,10.0,647.0,112.0,209.0,80.0,10.0,326.0,90.0,80.0,10.0,1.0,1.0,1.0,0.0,1.56,10.0,10.0,10.0,0.0
76,getcprj.F90,26.0,26.0,2.0,126.0,15.0,94.0,19.0,2.0,0.0,1.0,1.0,334.0,33.0,191.0,56.0,134.0,117.0,179.0,26.0,153.0,53.0,53.0,4.0,9.0,0.61,53.0,53.0,4.0,0.0
77,fold2Bloch.F90,20.0,20.0,1.0,202.0,30.0,148.0,35.0,1.0,0.0,1.0,1.0,241.0,33.0,150.0,48.0,100.0,71.0,125.0,25.0,100.0,20.0,20.0,1.0,5.0,0.47,20.0,20.0,1.0,0.0
78,contistr03.F90,8.0,8.0,1.0,2916.0,13.0,2880.0,23.0,1.0,0.0,1.0,1.0,2969.0,16.0,2882.0,16.0,2865.0,73.0,1042.0,13.0,1029.0,8.0,8.0,1.0,2.0,0.03,8.0,8.0,1.0,0.0
79,sbf8.F90,7.0,7.0,1.0,66.0,8.0,43.0,15.0,1.0,0.0,1.0,1.0,104.0,11.0,45.0,14.0,30.0,50.0,41.0,11.0,30.0,7.0,7.0,1.0,2.0,1.11,7.0,7.0,1.0,0.0
80,m_pawrad.F90,11.0,10.0,1.0,193.0,28.0,111.0,56.0,17.0,0.0,1.0,17.0,1939.0,273.0,954.0,157.0,741.0,727.0,970.0,157.0,813.0,43.0,43.0,1.0,6.0,0.76,191.0,184.0,17.0,0.0
81,libpaw.h,1.0,1.0,1.0,188.0,36.0,72.0,83.0,1.0,0.0,1.0,1.0,188.0,36.0,72.0,27.0,9.0,83.0,0.0,0.0,0.0,1.0,1.0,1.0,0.0,1.15,1.0,1.0,1.0,0.0
82,abi_xgemm.f90,4.0,4.0,1.0,61.0,8.0,38.0,16.0,2.0,0.0,2.0,2.0,184.0,23.0,76.0,40.0,27.0,88.0,66.0,37.0,29.0,5.0,5.0,1.0,3.0,1.16,8.0,8.0,2.0,0.0
83,vtorho.F90,28.0,28.0,3.0,296.0,40.0,183.0,77.0,8.0,0.0,1.0,7.0,2224.0,254.0,1311.0,312.0,910.0,695.0,1045.0,195.0,850.0,206.0,206.0,15.0,4.0,0.53,227.0,227.0,26.0,0.0
84,xmpi_sum_master.finc,1.0,1.0,1.0,44.0,7.0,23.0,13.0,20.0,0.0,20.0,20.0,1340.0,183.0,478.0,139.0,20.0,679.0,159.0,139.0,20.0,1.0,1.0,1.0,0.0,1.42,20.0,20.0,20.0,0.0
85,setnoccmmp.F90,176.0,176.0,11.0,856.0,59.0,729.0,134.0,1.0,0.0,1.0,1.0,943.0,62.0,731.0,118.0,612.0,218.0,654.0,49.0,605.0,176.0,176.0,11.0,10.0,0.30,176.0,176.0,11.0,0.0
86,pred_bfgs.F90,33.0,33.0,0.0,235.0,31.0,156.0,48.0,2.0,0.0,1.0,1.0,540.0,66.0,315.0,73.0,241.0,163.0,270.0,41.0,229.0,67.0,67.0,1.0,6.0,0.52,67.0,67.0,1.0,0.0
87,intagm.F90,37.0,37.0,0.0,284.0,38.0,199.0,47.0,2.0,0.0,1.0,1.0,685.0,80.0,401.0,60.0,340.0,208.0,342.0,33.0,309.0,74.0,74.0,1.0,5.0,0.52,74.0,74.0,1.0,0.0
88,ListCdagC_firstHigher.h,0.0,0.0,0.0,0.0,0.0,0.0,0.0,0.0,0.0,0.0,0.0,4.0,0.0,4.0,4.0,0.0,0.0,4.0,4.0,0.0,0.0,0.0,0.0,0.0,0.00,0.0,0.0,0.0,0.0
89,drivexc.F90,67.0,66.0,0.0,304.0,17.0,250.0,41.0,2.0,0.0,1.0,1.0,744.0,38.0,503.0,76.0,426.0,216.0,429.0,27.0,402.0,134.0,132.0,1.0,4.0,0.43,134.0,132.0,1.0,0.0
90,wvl_descr_psp_set.F90,2.0,2.0,1.0,111.0,14.0,69.0,28.0,2.0,0.0,2.0,2.0,281.0,31.0,141.0,24.0,2.0,112.0,25.0,21.0,4.0,2.0,2.0,1.0,1.0,0.79,4.0,4.0,2.0,0.0
91,psp8lo.F90,7.0,7.0,1.0,129.0,26.0,75.0,28.0,1.0,0.0,1.0,1.0,182.0,29.0,77.0,29.0,47.0,78.0,59.0,16.0,43.0,7.0,7.0,1.0,3.0,1.01,7.0,7.0,1.0,0.0
92,ptg_D3d.F90,2.0,2.0,1.0,168.0,11.0,145.0,12.0,1.0,0.0,1.0,1.0,208.0,15.0,147.0,22.0,124.0,48.0,136.0,11.0,125.0,2.0,2.0,1.0,1.0,0.33,2.0,2.0,1.0,0.0
93,linemin.F90,15.0,15.0,2.0,146.0,32.0,80.0,38.0,2.0,0.0,1.0,1.0,366.0,69.0,162.0,28.0,133.0,147.0,155.0,25.0,130.0,31.0,31.0,5.0,4.0,0.91,31.0,31.0,5.0,0.0
94,mkrho.F90,44.0,43.0,10.0,313.0,40.0,232.0,47.0,2.0,0.0,1.0,1.0,712.0,83.0,467.0,108.0,358.0,177.0,401.0,52.0,349.0,89.0,86.0,20.0,11.0,0.38,89.0,86.0,20.0,0.0
95,smatrix_k_paw.F90,8.0,8.0,1.0,69.0,14.0,43.0,18.0,1.0,0.0,1.0,1.0,118.0,18.0,45.0,18.0,26.0,63.0,43.0,17.0,26.0,8.0,8.0,1.0,6.0,1.40,8.0,8.0,1.0,0.0
96,lapackprof.F90,83.0,83.0,1.0,596.0,94.0,416.0,89.0,1.0,0.0,1.0,1.0,635.0,97.0,418.0,92.0,324.0,125.0,377.0,41.0,336.0,83.0,83.0,1.0,7.0,0.30,83.0,83.0,1.0,0.0
97,gwls_valenceWavefunctions.F90,1.0,1.0,1.0,36.0,8.0,4.0,23.0,3.0,1.0,1.0,3.0,225.0,41.0,32.0,29.0,2.0,154.0,30.0,28.0,2.0,1.0,1.0,1.0,0.0,4.81,3.0,3.0,3.0,0.0
98,get_fs_bands.F90,10.0,10.0,1.0,101.0,21.0,49.0,32.0,1.0,0.0,1.0,1.0,148.0,25.0,51.0,17.0,33.0,75.0,50.0,16.0,34.0,10.0,10.0,1.0,6.0,1.47,10.0,10.0,1.0,0.0
99,symsgtetra.F90,40.0,7.0,0.0,214.0,9.0,190.0,49.0,2.0,0.0,1.0,1.0,474.0,22.0,382.0,18.0,363.0,139.0,490.0,16.0,474.0,81.0,14.0,1.0,3.0,0.36,81.0,14.0,1.0,0.0
100,m_cgtools.F90,8.0,8.0,1.0,65.0,11.0,38.0,16.0,41.0,1.0,1.0,41.0,4072.0,608.0,1613.0,460.0,1098.0,1898.0,1572.0,416.0,1156.0,49.0,49.0,1.0,8.0,1.18,347.0,347.0,41.0,0.0
101,m_splines.F90,5.0,5.0,1.0,78.0,12.0,42.0,25.0,8.0,1.0,1.0,8.0,955.0,130.0,354.0,147.0,206.0,486.0,310.0,112.0,198.0,14.0,14.0,4.0,5.0,1.37,45.0,45.0,11.0,0.0
102,defs_suscep.F90,0.0,0.0,0.0,0.0,0.0,0.0,0.0,0.0,1.0,1.0,0.0,231.0,13.0,185.0,184.0,0.0,34.0,12.0,12.0,0.0,0.0,0.0,0.0,0.0,0.18,0.0,0.0,0.0,0.0
103,abi_xorthonormalize.f90,3.0,3.0,1.0,49.0,12.0,24.0,13.0,3.0,0.0,3.0,3.0,287.0,44.0,74.0,37.0,37.0,171.0,66.0,33.0,33.0,6.0,6.0,1.0,2.0,2.31,10.0,10.0,3.0,0.0
104,m_dyson_solver.F90,34.0,34.0,5.0,282.0,47.0,194.0,55.0,2.0,1.0,1.0,2.0,718.0,113.0,411.0,87.0,323.0,227.0,383.0,56.0,327.0,46.0,46.0,10.0,6.0,0.55,69.0,69.0,11.0,0.0
105,remove_inversion.F90,5.0,5.0,0.0,56.0,7.0,40.0,10.0,2.0,0.0,1.0,1.0,158.0,18.0,82.0,26.0,55.0,63.0,79.0,20.0,59.0,10.0,10.0,1.0,5.0,0.77,10.0,10.0,1.0,0.0
106,kpgio.F90,16.0,16.0,4.0,140.0,25.0,78.0,38.0,1.0,0.0,1.0,1.0,199.0,29.0,80.0,24.0,55.0,93.0,73.0,22.0,51.0,16.0,16.0,4.0,4.0,1.16,16.0,16.0,4.0,0.0
107,gwls_model_polarisability.F90,4.0,4.0,1.0,84.0,25.0,40.0,18.0,6.0,1.0,1.0,6.0,707.0,188.0,273.0,94.0,178.0,260.0,249.0,75.0,174.0,13.0,13.0,1.0,3.0,0.95,29.0,29.0,6.0,0.0
108,m_abi_etsf.F90,1.0,1.0,1.0,93.0,16.0,54.0,23.0,2.0,1.0,1.0,2.0,531.0,83.0,230.0,36.0,0.0,225.0,33.0,33.0,0.0,1.0,1.0,1.0,0.0,0.98,2.0,2.0,2.0,0.0
109,vtorhorec.F90,32.0,32.0,6.0,419.0,52.0,301.0,79.0,2.0,0.0,1.0,1.0,911.0,107.0,604.0,115.0,417.0,227.0,432.0,65.0,367.0,64.0,64.0,13.0,9.0,0.38,64.0,64.0,13.0,0.0
110,dotprodm_vn.F90,31.0,31.0,1.0,261.0,32.0,198.0,58.0,1.0,0.0,1.0,1.0,339.0,36.0,200.0,31.0,168.0,132.0,162.0,20.0,142.0,31.0,31.0,1.0,6.0,0.66,31.0,31.0,1.0,0.0
111,xmpi_bcast.finc,1.0,1.0,1.0,35.0,8.0,15.0,11.0,29.0,0.0,29.0,29.0,1689.0,288.0,452.0,175.0,29.0,949.0,204.0,175.0,29.0,1.0,1.0,1.0,0.0,2.10,29.0,29.0,29.0,0.0
112,chkint_le.F90,1.0,1.0,0.0,28.0,6.0,14.0,8.0,2.0,0.0,1.0,1.0,115.0,15.0,31.0,19.0,11.0,72.0,24.0,14.0,10.0,3.0,3.0,1.0,1.0,2.32,3.0,3.0,1.0,0.0
113,m_libpaw_libxc.F90,6.0,6.0,1.0,157.0,24.0,84.0,49.0,18.0,1.0,2.0,39.0,1800.0,262.0,878.0,315.0,349.0,673.0,643.0,270.0,373.0,32.0,32.0,4.0,7.0,0.77,110.0,110.0,29.0,0.0
114,m_libpaw_mpi.F90,1.0,1.0,1.0,95.0,14.0,31.0,49.0,58.0,0.0,1.0,58.0,3617.0,501.0,964.0,488.0,120.0,2167.0,666.0,488.0,178.0,9.0,9.0,4.0,1.0,2.25,89.0,89.0,61.0,0.0
115,expibi.F90,3.0,3.0,1.0,55.0,13.0,19.0,25.0,1.0,0.0,1.0,1.0,95.0,16.0,21.0,12.0,8.0,62.0,19.0,11.0,8.0,3.0,3.0,1.0,2.0,2.95,3.0,3.0,1.0,0.0
116,paw2wvl.F90,2.0,2.0,1.0,267.0,27.0,114.0,130.0,1.0,0.0,1.0,1.0,305.0,30.0,116.0,12.0,1.0,165.0,13.0,11.0,2.0,2.0,2.0,1.0,1.0,1.42,2.0,2.0,1.0,0.0
117,chkdilatmx.F90,8.0,8.0,1.0,92.0,17.0,55.0,20.0,1.0,0.0,1.0,1.0,143.0,21.0,57.0,16.0,40.0,67.0,43.0,15.0,28.0,8.0,8.0,1.0,3.0,1.18,8.0,8.0,1.0,0.0
118,invacuum.F90,7.0,7.0,1.0,94.0,14.0,54.0,26.0,1.0,0.0,1.0,1.0,138.0,17.0,56.0,28.0,27.0,67.0,48.0,19.0,29.0,7.0,7.0,1.0,4.0,1.20,7.0,7.0,1.0,0.0
119,cont22so.F90,1.0,1.0,1.0,115.0,13.0,85.0,17.0,1.0,0.0,1.0,1.0,171.0,17.0,87.0,8.0,78.0,69.0,13.0,7.0,6.0,1.0,1.0,1.0,0.0,0.79,1.0,1.0,1.0,0.0
120,addout.F90,14.0,14.0,0.0,73.0,6.0,61.0,5.0,2.0,0.0,1.0,1.0,187.0,16.0,124.0,24.0,99.0,49.0,116.0,13.0,103.0,29.0,28.0,1.0,4.0,0.40,29.0,28.0,1.0,0.0
121,mlwfovlp_seedname.F90,13.0,13.0,1.0,146.0,16.0,112.0,20.0,1.0,0.0,1.0,1.0,195.0,22.0,114.0,19.0,94.0,63.0,84.0,16.0,68.0,13.0,13.0,1.0,2.0,0.55,13.0,13.0,1.0,0.0
122,inqpt.F90,22.0,22.0,1.0,231.0,37.0,168.0,28.0,1.0,0.0,1.0,1.0,285.0,40.0,170.0,59.0,110.0,79.0,117.0,30.0,87.0,22.0,22.0,1.0,4.0,0.46,22.0,22.0,1.0,0.0
123,trace2.F90,2.0,2.0,1.0,32.0,8.0,13.0,11.0,1.0,0.0,1.0,1.0,76.0,12.0,15.0,8.0,6.0,51.0,10.0,7.0,3.0,2.0,2.0,1.0,1.0,3.40,2.0,2.0,1.0,0.0
124,critics.F90,31.0,31.0,12.0,168.0,7.0,148.0,13.0,2.0,0.0,1.0,1.0,386.0,18.0,298.0,23.0,274.0,72.0,294.0,22.0,272.0,63.0,63.0,25.0,9.0,0.24,63.0,63.0,25.0,0.0
125,gensymshub4.F90,3.0,3.0,1.0,46.0,9.0,26.0,11.0,1.0,0.0,1.0,1.0,100.0,14.0,28.0,15.0,12.0,60.0,23.0,13.0,10.0,3.0,3.0,1.0,1.0,2.14,3.0,3.0,1.0,0.0
126,integrate_gamma.F90,12.0,12.0,1.0,112.0,23.0,71.0,23.0,1.0,0.0,1.0,1.0,155.0,26.0,73.0,22.0,50.0,63.0,65.0,17.0,48.0,12.0,12.0,1.0,5.0,0.86,12.0,12.0,1.0,0.0
127,vdw_dftd2.F90,32.0,32.0,1.0,239.0,27.0,160.0,58.0,2.0,0.0,1.0,2.0,518.0,50.0,314.0,77.0,236.0,169.0,287.0,44.0,243.0,64.0,64.0,1.0,0.0,0.54,65.0,65.0,2.0,0.0
128,opernl3.F90,31.0,31.0,0.0,266.0,28.0,142.0,97.0,2.0,0.0,1.0,1.0,638.0,59.0,286.0,45.0,240.0,296.0,283.0,29.0,254.0,63.0,63.0,1.0,9.0,1.03,63.0,63.0,1.0,0.0
129,m_plowannier.F90,36.0,36.0,1.0,215.0,30.0,144.0,52.0,11.0,1.0,1.0,11.0,2937.0,451.0,1655.0,365.0,1289.0,966.0,1458.0,219.0,1239.0,255.0,255.0,8.0,12.0,0.58,402.0,402.0,18.0,0.0
130,m_entropyDMFT.F90,12.0,12.0,3.0,86.0,10.0,64.0,13.0,10.0,1.0,1.0,9.0,1267.0,139.0,709.0,215.0,494.0,478.0,644.0,169.0,475.0,25.0,25.0,22.0,6.0,0.67,122.0,122.0,30.0,0.0
131,pawmknhat.F90,53.0,53.0,1.0,261.0,20.0,215.0,31.0,2.0,0.0,1.0,1.0,598.0,43.0,433.0,93.0,339.0,134.0,399.0,47.0,352.0,107.0,107.0,3.0,9.0,0.31,107.0,107.0,3.0,0.0
132,upf2abinit.F90,6.0,6.0,3.0,105.0,15.0,60.0,34.0,2.0,0.0,1.0,1.0,274.0,34.0,123.0,54.0,68.0,130.0,99.0,34.0,65.0,13.0,13.0,7.0,3.0,1.06,13.0,13.0,7.0,0.0
133,psp5nl.F90,9.0,9.0,1.0,111.0,15.0,63.0,32.0,5.0,0.0,1.0,5.0,574.0,69.0,300.0,42.0,257.0,207.0,283.0,32.0,251.0,42.0,42.0,1.0,0.0,0.69,46.0,46.0,5.0,0.0
134,wrtloctens.F90,18.0,18.0,1.0,150.0,32.0,103.0,20.0,1.0,0.0,1.0,1.0,199.0,36.0,105.0,18.0,86.0,65.0,87.0,15.0,72.0,18.0,18.0,1.0,5.0,0.62,18.0,18.0,1.0,0.0
135,forstrnps.F90,72.0,72.0,6.0,742.0,60.0,441.0,245.0,1.0,0.0,1.0,1.0,840.0,63.0,443.0,119.0,323.0,340.0,377.0,65.0,312.0,72.0,72.0,6.0,8.0,0.77,72.0,72.0,6.0,0.0
136,wfk_analyze.F90,4.0,3.0,0.0,98.0,18.0,48.0,33.0,6.0,0.0,1.0,2.0,629.0,103.0,278.0,113.0,146.0,262.0,235.0,87.0,148.0,23.0,20.0,1.0,0.0,0.94,24.0,21.0,2.0,0.0
137,defs_aimprom.F90,3.0,3.0,1.0,44.0,9.0,11.0,24.0,1.0,1.0,1.0,1.0,129.0,19.0,32.0,26.0,5.0,79.0,32.0,26.0,6.0,3.0,3.0,1.0,2.0,2.47,3.0,3.0,1.0,0.0
138,xcxalp.F90,5.0,5.0,1.0,73.0,9.0,39.0,26.0,1.0,0.0,1.0,1.0,118.0,13.0,41.0,16.0,24.0,67.0,36.0,14.0,22.0,5.0,5.0,1.0,2.0,1.63,5.0,5.0,1.0,0.0
139,memana.F90,56.0,56.0,4.0,480.0,45.0,371.0,66.0,1.0,0.0,1.0,1.0,553.0,48.0,373.0,91.0,281.0,136.0,248.0,26.0,222.0,56.0,56.0,4.0,3.0,0.36,56.0,56.0,4.0,0.0
140,nmsq_pure_gkk_sumfs.F90,4.0,4.0,0.0,52.0,9.0,28.0,19.0,2.0,0.0,1.0,1.0,150.0,21.0,58.0,25.0,32.0,80.0,53.0,22.0,31.0,8.0,8.0,1.0,4.0,1.38,8.0,8.0,1.0,0.0
141,dfptff_gradberry.F90,46.0,46.0,1.0,409.0,90.0,286.0,42.0,1.0,0.0,1.0,1.0,471.0,94.0,288.0,38.0,249.0,100.0,248.0,24.0,224.0,46.0,46.0,1.0,5.0,0.35,46.0,46.0,1.0,0.0
142,abinit.F90,46.0,46.0,6.0,602.0,110.0,370.0,130.0,1.0,0.0,1.0,1.0,694.0,113.0,372.0,85.0,256.0,219.0,320.0,65.0,255.0,46.0,46.0,6.0,4.0,0.59,46.0,46.0,6.0,0.0
143,tetrahedron.F90,39.0,39.0,3.0,297.0,32.0,227.0,52.0,2.0,0.0,1.0,1.0,662.0,69.0,457.0,92.0,363.0,168.0,329.0,45.0,284.0,78.0,78.0,7.0,6.0,0.37,78.0,78.0,7.0,0.0
144,m_ddb.F90,19.0,19.0,1.0,138.0,18.0,94.0,26.0,24.0,1.0,1.0,24.0,4424.0,556.0,2336.0,529.0,1806.0,1575.0,2135.0,350.0,1785.0,110.0,110.0,3.0,13.0,0.67,475.0,472.0,26.0,0.0
145,psp3nl.F90,46.0,46.0,1.0,347.0,45.0,237.0,65.0,1.0,0.0,1.0,1.0,404.0,48.0,239.0,37.0,201.0,119.0,202.0,18.0,184.0,46.0,46.0,1.0,4.0,0.50,46.0,46.0,1.0,0.0
146,check_invars_f90.f90,11.0,11.0,8.0,61.0,14.0,47.0,2.0,1.0,0.0,1.0,1.0,61.0,14.0,47.0,11.0,36.0,2.0,54.0,11.0,43.0,11.0,11.0,8.0,2.0,0.04,11.0,11.0,8.0,0.0
147,cdotc.f,7.0,7.0,3.0,58.0,1.0,27.0,30.0,1.0,0.0,1.0,1.0,59.0,2.0,27.0,7.0,20.0,30.0,31.0,7.0,24.0,7.0,7.0,3.0,1.0,1.11,7.0,7.0,3.0,0.0
148,symatm.F90,6.0,6.0,0.0,63.0,8.0,44.0,13.0,2.0,0.0,1.0,1.0,205.0,20.0,90.0,21.0,68.0,102.0,69.0,18.0,51.0,12.0,12.0,1.0,4.0,1.13,12.0,12.0,1.0,0.0
149,defs_rectypes.F90,0.0,0.0,0.0,0.0,0.0,0.0,0.0,0.0,1.0,1.0,0.0,255.0,63.0,66.0,64.0,0.0,165.0,63.0,63.0,0.0,0.0,0.0,0.0,0.0,2.50,0.0,0.0,0.0,0.0
150,transgrid.F90,44.0,44.0,1.0,299.0,25.0,231.0,43.0,1.0,0.0,1.0,1.0,370.0,28.0,233.0,63.0,169.0,111.0,183.0,19.0,164.0,44.0,44.0,1.0,6.0,0.48,44.0,44.0,1.0,0.0
151,fourier_interpol.F90,2.0,2.0,0.0,49.0,10.0,30.0,10.0,2.0,0.0,1.0,1.0,153.0,24.0,62.0,27.0,34.0,71.0,56.0,21.0,35.0,4.0,4.0,1.0,2.0,1.15,4.0,4.0,1.0,0.0
152,psp2nl.F90,10.0,10.0,1.0,110.0,15.0,62.0,34.0,1.0,0.0,1.0,1.0,157.0,18.0,64.0,16.0,47.0,78.0,57.0,13.0,44.0,10.0,10.0,1.0,2.0,1.22,10.0,10.0,1.0,0.0
153,mklocl.F90,3.0,3.0,0.0,47.0,5.0,34.0,7.0,2.0,0.0,1.0,1.0,180.0,14.0,71.0,37.0,33.0,97.0,48.0,29.0,19.0,6.0,6.0,1.0,2.0,1.37,6.0,6.0,1.0,0.0
154,m_wffile.F90,2.0,2.0,1.0,60.0,11.0,32.0,17.0,45.0,1.0,1.0,45.0,4436.0,735.0,1645.0,434.0,196.0,2128.0,621.0,398.0,223.0,9.0,9.0,1.0,3.0,1.29,109.0,109.0,45.0,0.0
155,m_per_cond.F90,2.0,2.0,1.0,27.0,7.0,10.0,9.0,6.0,1.0,1.0,6.0,370.0,77.0,85.0,59.0,25.0,213.0,83.0,58.0,25.0,3.0,3.0,1.0,2.0,2.51,14.0,14.0,6.0,0.0
156,getdc1.F90,4.0,4.0,1.0,78.0,17.0,41.0,20.0,1.0,0.0,1.0,1.0,135.0,20.0,43.0,30.0,12.0,74.0,31.0,20.0,11.0,4.0,4.0,1.0,1.0,1.72,4.0,4.0,1.0,0.0
157,psp1nl.F90,11.0,11.0,0.0,132.0,19.0,72.0,41.0,2.0,0.0,1.0,1.0,334.0,42.0,146.0,38.0,107.0,150.0,123.0,21.0,102.0,22.0,22.0,1.0,5.0,1.03,22.0,22.0,1.0,0.0
158,optics_paw_core.F90,8.0,8.0,1.0,78.0,11.0,53.0,15.0,5.0,0.0,1.0,1.0,445.0,61.0,270.0,84.0,185.0,129.0,233.0,50.0,183.0,43.0,43.0,9.0,9.0,0.48,43.0,43.0,9.0,0.0
159,ionion_surface.F90,5.0,5.0,1.0,84.0,13.0,49.0,22.0,1.0,0.0,1.0,1.0,128.0,16.0,51.0,24.0,15.0,63.0,34.0,20.0,14.0,5.0,5.0,1.0,2.0,1.24,5.0,5.0,1.0,0.0
160,symgamma.F90,6.0,6.0,4.0,106.0,17.0,66.0,23.0,1.0,0.0,1.0,1.0,153.0,21.0,68.0,19.0,48.0,66.0,42.0,17.0,25.0,6.0,6.0,4.0,4.0,0.97,6.0,6.0,4.0,0.0
161,distrb2.F90,40.0,40.0,5.0,257.0,31.0,150.0,79.0,1.0,0.0,1.0,1.0,310.0,34.0,152.0,24.0,127.0,129.0,145.0,17.0,128.0,40.0,40.0,5.0,6.0,0.85,40.0,40.0,5.0,0.0
162,wvl_paw_free.F90,2.0,2.0,1.0,58.0,12.0,32.0,14.0,1.0,0.0,1.0,1.0,97.0,15.0,34.0,8.0,1.0,50.0,9.0,7.0,2.0,2.0,2.0,1.0,1.0,1.47,2.0,2.0,1.0,0.0
163,contstr23.F90,13.0,13.0,1.0,3599.0,13.0,3563.0,23.0,1.0,0.0,1.0,1.0,3653.0,16.0,3565.0,17.0,3547.0,74.0,383.0,14.0,369.0,13.0,13.0,1.0,2.0,0.02,13.0,13.0,1.0,0.0
164,rwwf.F90,24.0,24.0,2.0,204.0,28.0,138.0,45.0,4.0,0.0,3.0,3.0,1042.0,127.0,560.0,95.0,355.0,394.0,386.0,64.0,322.0,56.0,56.0,7.0,6.0,0.70,99.0,99.0,9.0,0.0
165,wfd_vnlpsi.F90,9.0,9.0,1.0,135.0,22.0,94.0,26.0,1.0,0.0,1.0,1.0,184.0,25.0,96.0,41.0,54.0,72.0,78.0,29.0,49.0,9.0,9.0,1.0,2.0,0.75,9.0,9.0,1.0,0.0
166,upfheader2abi.F90,6.0,2.0,0.0,50.0,7.0,31.0,17.0,3.0,0.0,2.0,2.0,238.0,27.0,97.0,34.0,62.0,134.0,94.0,31.0,63.0,16.0,4.0,1.0,1.0,1.38,20.0,7.0,2.0,0.0
167,getspinrot.F90,13.0,13.0,1.0,168.0,22.0,94.0,53.0,1.0,0.0,1.0,1.0,222.0,26.0,96.0,17.0,78.0,103.0,99.0,15.0,84.0,13.0,13.0,1.0,4.0,1.07,13.0,13.0,1.0,0.0
168,inpar.F90,18.0,18.0,9.0,92.0,8.0,74.0,13.0,1.0,0.0,1.0,1.0,132.0,12.0,76.0,18.0,57.0,49.0,78.0,14.0,64.0,18.0,18.0,9.0,3.0,0.64,18.0,18.0,9.0,0.0
169,mrgddb_init.F90,4.0,4.0,1.0,64.0,11.0,38.0,15.0,1.0,0.0,1.0,1.0,113.0,15.0,40.0,13.0,26.0,60.0,34.0,11.0,23.0,4.0,4.0,1.0,2.0,1.50,4.0,4.0,1.0,0.0
170,gran_potrec.F90,17.0,17.0,9.0,146.0,29.0,95.0,22.0,2.0,0.0,1.0,2.0,330.0,56.0,186.0,31.0,154.0,92.0,194.0,28.0,166.0,34.0,34.0,18.0,0.0,0.49,35.0,35.0,19.0,0.0
171,nonlop_ylm.F90,104.0,104.0,0.0,417.0,32.0,325.0,72.0,2.0,0.0,1.0,1.0,1094.0,67.0,653.0,148.0,504.0,402.0,655.0,54.0,601.0,209.0,209.0,1.0,9.0,0.62,209.0,209.0,1.0,0.0
172,psp6cc_drh.F90,1.0,1.0,1.0,33.0,7.0,16.0,10.0,2.0,0.0,1.0,1.0,111.0,17.0,35.0,23.0,11.0,62.0,24.0,13.0,11.0,3.0,3.0,3.0,1.0,1.77,3.0,3.0,3.0,0.0
173,calc_sig_ppm_comp.F90,11.0,11.0,1.0,85.0,17.0,56.0,22.0,1.0,0.0,1.0,1.0,146.0,20.0,58.0,20.0,37.0,80.0,53.0,16.0,37.0,11.0,11.0,1.0,4.0,1.38,11.0,11.0,1.0,0.0
174,m_bs_defs.F90,10.0,9.0,1.0,66.0,12.0,41.0,13.0,7.0,1.0,1.0,7.0,924.0,168.0,409.0,194.0,214.0,433.0,400.0,177.0,223.0,31.0,25.0,1.0,6.0,1.06,74.0,66.0,7.0,0.0
175,m_cut3d.F90,26.0,22.0,5.0,287.0,39.0,215.0,38.0,10.0,1.0,1.0,10.0,3292.0,427.0,2181.0,350.0,1824.0,738.0,1992.0,190.0,1802.0,120.0,106.0,18.0,9.0,0.34,261.0,229.0,56.0,0.0
176,paw_symcprj.F90,13.0,13.0,1.0,144.0,15.0,91.0,46.0,2.0,0.0,2.0,2.0,394.0,38.0,185.0,61.0,123.0,191.0,186.0,54.0,132.0,14.0,14.0,1.0,5.0,1.03,27.0,27.0,2.0,0.0
177,etotfor.F90,20.0,20.0,0.0,153.0,21.0,112.0,28.0,2.0,0.0,1.0,1.0,455.0,45.0,226.0,70.0,155.0,202.0,210.0,59.0,151.0,40.0,40.0,1.0,7.0,0.89,40.0,40.0,1.0,0.0
178,initmpi_band.F90,12.0,12.0,1.0,79.0,15.0,52.0,13.0,1.0,0.0,1.0,1.0,119.0,18.0,54.0,20.0,33.0,50.0,50.0,15.0,35.0,12.0,12.0,1.0,8.0,0.93,12.0,12.0,1.0,0.0
179,m_anaddb_dataset.F90,96.0,96.0,1.0,584.0,75.0,445.0,65.0,3.0,1.0,1.0,3.0,2040.0,264.0,1453.0,299.0,1153.0,331.0,1118.0,138.0,980.0,216.0,216.0,1.0,4.0,0.23,288.0,288.0,3.0,0.0
180,onestep.F90,3.0,3.0,0.0,37.0,7.0,24.0,6.0,2.0,0.0,1.0,1.0,123.0,18.0,50.0,18.0,31.0,57.0,49.0,17.0,32.0,6.0,6.0,1.0,3.0,1.14,6.0,6.0,1.0,0.0
181,psp9in.F90,4.0,4.0,0.0,202.0,30.0,109.0,70.0,2.0,0.0,1.0,1.0,479.0,65.0,220.0,37.0,9.0,212.0,58.0,34.0,24.0,8.0,8.0,1.0,1.0,0.96,8.0,8.0,1.0,0.0
182,write_irreg_array_ok.f90,5.0,5.0,1.0,62.0,9.0,50.0,3.0,2.0,0.0,1.0,2.0,112.0,16.0,90.0,20.0,70.0,6.0,87.0,20.0,67.0,8.0,8.0,1.0,1.0,0.07,10.0,10.0,2.0,0.0
183,getgsc.F90,12.0,12.0,3.0,134.0,23.0,89.0,24.0,1.0,0.0,1.0,1.0,196.0,26.0,91.0,38.0,52.0,83.0,89.0,26.0,63.0,12.0,12.0,3.0,2.0,0.91,12.0,12.0,3.0,0.0
184,outxfhist.F90,19.0,19.0,1.0,245.0,39.0,160.0,47.0,1.0,0.0,1.0,1.0,296.0,42.0,162.0,25.0,64.0,95.0,76.0,16.0,60.0,19.0,19.0,1.0,3.0,0.59,19.0,19.0,1.0,0.0
185,m_paral_pert.F90,11.0,11.0,1.0,108.0,15.0,74.0,19.0,6.0,1.0,1.0,6.0,946.0,122.0,473.0,154.0,318.0,358.0,357.0,100.0,257.0,28.0,28.0,4.0,3.0,0.76,66.0,66.0,11.0,0.0
186,m_tools_lotf.F90,1.0,1.0,1.0,24.0,4.0,9.0,10.0,4.0,1.0,1.0,4.0,200.0,35.0,52.0,37.0,14.0,115.0,42.0,31.0,11.0,4.0,4.0,1.0,1.0,2.21,7.0,7.0,4.0,0.0
187,initmpi_img.F90,36.0,36.0,1.0,301.0,19.0,177.0,111.0,1.0,0.0,1.0,1.0,351.0,22.0,179.0,39.0,139.0,158.0,152.0,18.0,134.0,36.0,36.0,1.0,6.0,0.88,36.0,36.0,1.0,0.0
188,dfptnl_mv.F90,31.0,31.0,6.0,644.0,149.0,310.0,201.0,1.0,0.0,1.0,1.0,732.0,153.0,312.0,64.0,202.0,285.0,196.0,39.0,157.0,31.0,31.0,6.0,8.0,0.91,31.0,31.0,6.0,0.0
189,psp8in.F90,22.0,22.0,13.0,176.0,22.0,111.0,43.0,2.0,0.0,1.0,1.0,426.0,48.0,225.0,52.0,172.0,158.0,184.0,29.0,155.0,45.0,45.0,26.0,5.0,0.70,45.0,45.0,26.0,0.0
190,wvl_prcref.F90,13.0,13.0,1.0,94.0,18.0,56.0,21.0,1.0,0.0,1.0,1.0,132.0,21.0,58.0,22.0,35.0,56.0,56.0,17.0,39.0,13.0,13.0,1.0,5.0,0.97,13.0,13.0,1.0,0.0
191,clnup1.F90,7.0,7.0,0.0,84.0,13.0,59.0,12.0,2.0,0.0,1.0,1.0,247.0,30.0,121.0,45.0,71.0,100.0,103.0,38.0,65.0,15.0,15.0,1.0,3.0,0.83,15.0,15.0,1.0,0.0
192,m_dfti.F90,2.0,2.0,1.0,49.0,11.0,22.0,17.0,25.0,1.0,1.0,25.0,2583.0,446.0,707.0,321.0,149.0,1477.0,386.0,241.0,145.0,31.0,25.0,1.0,5.0,2.09,61.0,52.0,25.0,0.0
193,dfti_c2c_ip.finc,0.0,0.0,0.0,0.0,0.0,0.0,0.0,0.0,0.0,0.0,0.0,38.0,7.0,25.0,3.0,0.0,6.0,0.0,0.0,0.0,0.0,0.0,0.0,0.0,0.24,0.0,0.0,0.0,0.0
194,dfti_c2c_op.finc,0.0,0.0,0.0,0.0,0.0,0.0,0.0,0.0,0.0,0.0,0.0,43.0,8.0,29.0,4.0,0.0,6.0,0.0,0.0,0.0,0.0,0.0,0.0,0.0,0.21,0.0,0.0,0.0,0.0
195,testcode_ctqmc.F90,21.0,21.0,1.0,261.0,28.0,179.0,55.0,1.0,0.0,1.0,1.0,312.0,31.0,181.0,35.0,145.0,103.0,173.0,29.0,144.0,21.0,21.0,1.0,3.0,0.57,21.0,21.0,1.0,0.0
196,opernlb_ylm.F90,199.0,199.0,1.0,911.0,80.0,642.0,221.0,1.0,0.0,1.0,1.0,1022.0,84.0,644.0,46.0,595.0,328.0,644.0,25.0,619.0,199.0,199.0,1.0,10.0,0.51,199.0,199.0,1.0,0.0
197,psp6in.F90,12.0,12.0,5.0,134.0,18.0,76.0,41.0,2.0,0.0,1.0,1.0,341.0,40.0,155.0,45.0,109.0,151.0,130.0,24.0,106.0,25.0,25.0,10.0,4.0,0.97,25.0,25.0,10.0,0.0
198,ptg_C1.F90,2.0,2.0,1.0,46.0,6.0,28.0,12.0,1.0,0.0,1.0,1.0,86.0,10.0,30.0,17.0,12.0,48.0,24.0,11.0,13.0,2.0,2.0,1.0,1.0,1.60,2.0,2.0,1.0,0.0
199,lin_interpq_gam.F90,3.0,3.0,1.0,52.0,11.0,28.0,13.0,1.0,0.0,1.0,1.0,93.0,14.0,30.0,19.0,10.0,51.0,27.0,17.0,10.0,3.0,3.0,1.0,1.0,1.70,3.0,3.0,1.0,0.0
200,init_occ_ent.F90,50.0,50.0,1.0,544.0,77.0,340.0,127.0,1.0,0.0,1.0,1.0,578.0,80.0,342.0,50.0,291.0,158.0,294.0,29.0,265.0,50.0,50.0,1.0,5.0,0.46,50.0,50.0,1.0,0.0
201,pawxenergy.F90,10.0,10.0,1.0,94.0,14.0,64.0,19.0,1.0,0.0,1.0,1.0,134.0,17.0,66.0,22.0,43.0,56.0,77.0,19.0,58.0,10.0,10.0,1.0,6.0,0.85,10.0,10.0,1.0,0.0
202,smooth.F90,4.0,4.0,1.0,48.0,9.0,32.0,7.0,1.0,0.0,1.0,1.0,84.0,13.0,34.0,8.0,25.0,39.0,25.0,7.0,18.0,4.0,4.0,1.0,2.0,1.15,4.0,4.0,1.0,0.0
203,m_time.F90,6.0,5.0,3.0,55.0,12.0,28.0,15.0,6.0,1.0,1.0,6.0,555.0,101.0,190.0,70.0,102.0,274.0,181.0,65.0,116.0,17.0,15.0,17.0,2.0,1.44,37.0,34.0,22.0,0.0
204,xmpi_ialltoallv.finc,1.0,1.0,1.0,35.0,8.0,16.0,11.0,3.0,0.0,3.0,3.0,177.0,30.0,48.0,27.0,6.0,99.0,33.0,27.0,6.0,1.0,1.0,1.0,0.0,2.06,3.0,3.0,3.0,0.0
205,compute_levels.F90,11.0,11.0,1.0,94.0,14.0,56.0,26.0,1.0,0.0,1.0,1.0,130.0,17.0,57.0,23.0,33.0,59.0,56.0,23.0,33.0,11.0,11.0,1.0,5.0,1.04,11.0,11.0,1.0,0.0
206,vtorhotf.F90,4.0,4.0,1.0,70.0,9.0,43.0,17.0,19.0,0.0,17.0,19.0,1622.0,193.0,758.0,367.0,390.0,673.0,611.0,228.0,383.0,6.0,6.0,1.0,2.0,0.89,90.0,90.0,19.0,0.0
207,zdotc.f,7.0,7.0,3.0,56.0,0.0,27.0,29.0,1.0,0.0,1.0,1.0,56.0,0.0,27.0,7.0,20.0,29.0,31.0,7.0,24.0,7.0,7.0,3.0,1.0,1.07,7.0,7.0,3.0,0.0
208,dfptff_initberry.F90,89.0,89.0,55.0,620.0,164.0,388.0,96.0,1.0,0.0,1.0,1.0,679.0,168.0,390.0,46.0,343.0,151.0,374.0,28.0,346.0,89.0,89.0,55.0,8.0,0.39,89.0,89.0,55.0,0.0
209,m_optic_tools.F90,28.0,28.0,4.0,289.0,19.0,224.0,70.0,8.0,1.0,1.0,8.0,2745.0,194.0,1817.0,411.0,1404.0,938.0,1680.0,299.0,1381.0,66.0,66.0,10.0,10.0,0.52,229.0,229.0,35.0,0.0
210,spin_current.F90,16.0,16.0,3.0,257.0,43.0,131.0,97.0,2.0,0.0,1.0,1.0,579.0,91.0,264.0,83.0,180.0,253.0,184.0,48.0,136.0,32.0,32.0,6.0,7.0,0.96,32.0,32.0,6.0,0.0
211,extraprho.F90,26.0,26.0,0.0,191.0,28.0,132.0,33.0,2.0,0.0,1.0,1.0,460.0,59.0,267.0,65.0,201.0,142.0,259.0,44.0,215.0,53.0,53.0,1.0,7.0,0.53,53.0,53.0,1.0,0.0
212,chkint_ne.F90,2.0,2.0,0.0,26.0,5.0,14.0,7.0,2.0,0.0,1.0,1.0,113.0,14.0,31.0,16.0,14.0,71.0,26.0,13.0,13.0,5.0,5.0,1.0,3.0,2.29,5.0,5.0,1.0,0.0
213,inread.F90,29.0,29.0,4.0,156.0,20.0,114.0,23.0,1.0,0.0,1.0,1.0,207.0,24.0,116.0,17.0,98.0,70.0,105.0,15.0,90.0,29.0,29.0,4.0,7.0,0.60,29.0,29.0,4.0,0.0
214,symfind.F90,41.0,41.0,22.0,362.0,40.0,205.0,119.0,1.0,0.0,1.0,1.0,425.0,43.0,207.0,39.0,167.0,179.0,165.0,24.0,141.0,41.0,41.0,22.0,7.0,0.86,41.0,41.0,22.0,0.0
215,debug_tools.F90,20.0,19.0,5.0,200.0,33.0,142.0,37.0,2.0,0.0,2.0,2.0,468.0,75.0,289.0,111.0,176.0,134.0,258.0,77.0,181.0,31.0,31.0,9.0,6.0,0.46,40.0,39.0,10.0,0.0
216,vtowfk.F90,53.0,53.0,1.0,409.0,55.0,284.0,81.0,2.0,0.0,1.0,1.0,926.0,114.0,571.0,126.0,426.0,265.0,454.0,64.0,390.0,106.0,106.0,3.0,7.0,0.46,106.0,106.0,3.0,0.0
217,get_all_gkk2.F90,2.0,2.0,0.0,44.0,8.0,25.0,11.0,2.0,0.0,1.0,1.0,154.0,20.0,53.0,24.0,28.0,85.0,41.0,17.0,24.0,5.0,5.0,1.0,2.0,1.60,5.0,5.0,1.0,0.0
218,xfpack_f2vout.F90,11.0,11.0,1.0,109.0,22.0,57.0,30.0,1.0,0.0,1.0,1.0,160.0,26.0,59.0,19.0,39.0,77.0,44.0,14.0,30.0,11.0,11.0,1.0,2.0,1.31,11.0,11.0,1.0,0.0
219,dfpt_mkvxcstr.F90,14.0,14.0,0.0,98.0,16.0,68.0,16.0,2.0,0.0,1.0,1.0,262.0,36.0,138.0,40.0,97.0,94.0,126.0,28.0,98.0,29.0,29.0,1.0,4.0,0.68,29.0,29.0,1.0,0.0
220,sphereboundary.F90,41.0,41.0,1.0,229.0,39.0,135.0,67.0,1.0,0.0,1.0,1.0,288.0,43.0,137.0,15.0,121.0,122.0,149.0,13.0,136.0,41.0,41.0,1.0,10.0,0.89,41.0,41.0,1.0,0.0
221,shellstruct.F90,5.0,5.0,3.0,61.0,10.0,41.0,9.0,2.0,0.0,1.0,1.0,159.0,25.0,85.0,26.0,58.0,51.0,83.0,25.0,58.0,11.0,11.0,6.0,3.0,0.60,11.0,11.0,6.0,0.0
222,ptg_C2v.F90,2.0,2.0,1.0,88.0,9.0,67.0,12.0,1.0,0.0,1.0,1.0,128.0,13.0,69.0,20.0,48.0,48.0,60.0,11.0,49.0,2.0,2.0,1.0,1.0,0.70,2.0,2.0,1.0,0.0
223,get_npert_rbz.F90,33.0,33.0,1.0,296.0,37.0,179.0,86.0,1.0,0.0,1.0,1.0,335.0,40.0,181.0,55.0,125.0,122.0,150.0,24.0,126.0,33.0,33.0,1.0,5.0,0.67,33.0,33.0,1.0,0.0
224,k0.F90,2.0,2.0,0.0,61.0,1.0,16.0,43.0,5.0,0.0,3.0,3.0,344.0,13.0,85.0,40.0,44.0,248.0,72.0,27.0,45.0,9.0,9.0,1.0,4.0,2.92,11.0,11.0,3.0,0.0
225,driver.F90,42.0,38.0,2.0,393.0,53.0,283.0,58.0,2.0,0.0,1.0,1.0,867.0,110.0,569.0,131.0,375.0,194.0,420.0,68.0,352.0,85.0,76.0,4.0,8.0,0.34,85.0,76.0,4.0,0.0
226,gensymshub.F90,496.0,248.0,1.0,680.0,16.0,620.0,79.0,1.0,0.0,1.0,1.0,729.0,22.0,622.0,14.0,607.0,122.0,802.0,11.0,791.0,496.0,248.0,1.0,3.0,0.20,496.0,248.0,1.0,0.0
227,besjm.F90,25.0,25.0,19.0,199.0,26.0,160.0,13.0,1.0,0.0,1.0,1.0,250.0,30.0,162.0,44.0,117.0,60.0,156.0,42.0,114.0,25.0,25.0,19.0,3.0,0.37,25.0,25.0,19.0,0.0
228,integrho.F90,20.0,20.0,2.0,153.0,25.0,113.0,16.0,2.0,0.0,1.0,1.0,352.0,54.0,229.0,40.0,188.0,75.0,203.0,22.0,181.0,40.0,40.0,4.0,5.0,0.33,40.0,40.0,4.0,0.0
229,classify_bands.F90,8.0,8.0,3.0,96.0,14.0,62.0,25.0,6.0,0.0,3.0,3.0,755.0,98.0,375.0,133.0,241.0,318.0,323.0,92.0,231.0,41.0,41.0,13.0,6.0,0.85,52.0,52.0,19.0,0.0
230,bldgrp.F90,21.0,21.0,7.0,156.0,31.0,81.0,44.0,1.0,0.0,1.0,1.0,208.0,35.0,83.0,18.0,64.0,92.0,80.0,15.0,65.0,21.0,21.0,7.0,6.0,1.11,21.0,21.0,7.0,0.0
231,m_MapHyb.F90,3.0,3.0,1.0,25.0,4.0,14.0,7.0,9.0,1.0,1.0,9.0,612.0,68.0,157.0,74.0,67.0,391.0,164.0,73.0,91.0,7.0,7.0,1.0,2.0,2.49,28.0,28.0,9.0,0.0
232,defs.h,0.0,0.0,0.0,0.0,0.0,0.0,0.0,0.0,0.0,0.0,0.0,63.0,17.0,2.0,0.0,0.0,46.0,0.0,0.0,0.0,0.0,0.0,0.0,0.0,23.00,0.0,0.0,0.0,0.0
233,metric.F90,6.0,6.0,1.0,96.0,14.0,61.0,21.0,1.0,0.0,1.0,1.0,158.0,17.0,63.0,18.0,44.0,80.0,44.0,15.0,29.0,6.0,6.0,1.0,2.0,1.27,6.0,6.0,1.0,0.0
234,invars0.F90,63.0,63.0,1.0,437.0,46.0,336.0,62.0,1.0,0.0,1.0,1.0,490.0,49.0,338.0,78.0,245.0,112.0,246.0,19.0,227.0,63.0,63.0,1.0,4.0,0.33,63.0,63.0,1.0,0.0
235,initmpi_atom.F90,17.0,17.0,3.0,99.0,20.0,63.0,22.0,1.0,0.0,1.0,1.0,141.0,23.0,65.0,22.0,42.0,61.0,61.0,14.0,47.0,17.0,17.0,3.0,2.0,0.94,17.0,17.0,3.0,0.0
236,ptg_Ci.F90,2.0,2.0,1.0,58.0,7.0,39.0,12.0,1.0,0.0,1.0,1.0,98.0,11.0,41.0,18.0,22.0,48.0,34.0,11.0,23.0,2.0,2.0,1.0,1.0,1.17,2.0,2.0,1.0,0.0
237,odamix.F90,77.0,77.0,1.0,526.0,74.0,390.0,71.0,1.0,0.0,1.0,1.0,659.0,77.0,392.0,82.0,309.0,201.0,361.0,61.0,300.0,77.0,77.0,1.0,6.0,0.51,77.0,77.0,1.0,0.0
238,make_efg_el.F90,4.0,4.0,0.0,50.0,7.0,30.0,18.0,3.0,0.0,1.0,1.0,209.0,25.0,93.0,35.0,57.0,111.0,89.0,26.0,63.0,13.0,13.0,1.0,7.0,1.19,13.0,13.0,1.0,0.0
239,m_spectra.F90,4.0,4.0,1.0,51.0,10.0,23.0,21.0,5.0,1.0,1.0,5.0,436.0,81.0,136.0,70.0,65.0,238.0,124.0,58.0,66.0,9.0,9.0,1.0,1.0,1.75,20.0,20.0,5.0,0.0
240,matrginv.F90,3.0,3.0,1.0,114.0,18.0,72.0,24.0,1.0,0.0,1.0,1.0,156.0,21.0,74.0,20.0,19.0,63.0,22.0,13.0,9.0,3.0,3.0,1.0,1.0,0.85,3.0,3.0,1.0,0.0
241,opernld_ylm.F90,160.0,160.0,1.0,671.0,32.0,586.0,85.0,1.0,0.0,1.0,1.0,770.0,36.0,588.0,48.0,539.0,180.0,533.0,24.0,509.0,160.0,160.0,1.0,8.0,0.31,160.0,160.0,1.0,0.0
242,pawpsxml2ab.F90,21.0,21.0,1.0,146.0,12.0,120.0,15.0,1.0,0.0,1.0,1.0,185.0,16.0,122.0,15.0,106.0,50.0,97.0,14.0,83.0,21.0,21.0,1.0,4.0,0.41,21.0,21.0,1.0,0.0
243,m_array.F90,2.0,2.0,1.0,21.0,7.0,7.0,7.0,1.0,1.0,1.0,1.0,137.0,31.0,33.0,29.0,2.0,78.0,28.0,26.0,2.0,2.0,2.0,1.0,1.0,2.36,2.0,2.0,1.0,0.0
244,farray_ncwrite.finc,1.0,1.0,1.0,45.0,11.0,22.0,12.0,2.0,0.0,2.0,2.0,94.0,24.0,44.0,14.0,0.0,26.0,12.0,12.0,0.0,1.0,1.0,1.0,0.0,0.59,2.0,2.0,2.0,0.0
245,interface_triqs_ctqmc.F90,0.0,0.0,0.0,0.0,0.0,0.0,0.0,0.0,1.0,1.0,1.0,50.0,18.0,16.0,15.0,0.0,17.0,13.0,13.0,0.0,0.0,0.0,0.0,0.0,1.06,0.0,0.0,0.0,0.0
246,pimd_langevin_nvt.F90,21.0,21.0,1.0,242.0,41.0,151.0,58.0,1.0,0.0,1.0,1.0,309.0,44.0,153.0,53.0,99.0,122.0,133.0,25.0,108.0,21.0,21.0,1.0,2.0,0.80,21.0,21.0,1.0,0.0
247,mblktyp1.F90,18.0,18.0,0.0,233.0,32.0,165.0,37.0,2.0,0.0,1.0,1.0,523.0,70.0,332.0,119.0,212.0,127.0,233.0,43.0,190.0,36.0,36.0,1.0,7.0,0.38,36.0,36.0,1.0,0.0
248,m_screen.F90,8.0,7.0,1.0,77.0,14.0,42.0,22.0,14.0,1.0,1.0,14.0,1854.0,304.0,709.0,321.0,387.0,889.0,683.0,265.0,418.0,39.0,38.0,6.0,4.0,1.25,114.0,108.0,19.0,0.0
249,ptg_S4.F90,2.0,2.0,1.0,88.0,9.0,67.0,12.0,1.0,0.0,1.0,1.0,128.0,13.0,69.0,20.0,48.0,48.0,60.0,11.0,49.0,2.0,2.0,1.0,1.0,0.70,2.0,2.0,1.0,0.0
250,m_ab7_kpoints.F90,3.0,3.0,1.0,37.0,7.0,23.0,5.0,7.0,1.0,1.0,7.0,477.0,82.0,185.0,116.0,68.0,212.0,165.0,100.0,65.0,5.0,5.0,3.0,1.0,1.15,24.0,24.0,9.0,0.0
251,interp.F90,2.0,2.0,0.0,22.0,3.0,14.0,5.0,7.0,0.0,5.0,5.0,170.0,32.0,101.0,54.0,46.0,39.0,99.0,51.0,48.0,4.0,4.0,1.0,2.0,0.39,14.0,14.0,5.0,0.0
252,gensymspgr.F90,35.0,24.0,0.0,245.0,20.0,179.0,55.0,2.0,0.0,1.0,1.0,550.0,44.0,361.0,27.0,333.0,167.0,309.0,17.0,292.0,71.0,48.0,1.0,4.0,0.46,71.0,48.0,1.0,0.0
253,wvl_tail_corrections.F90,2.0,2.0,1.0,136.0,21.0,89.0,26.0,1.0,0.0,1.0,1.0,175.0,24.0,91.0,21.0,2.0,62.0,21.0,19.0,2.0,2.0,2.0,1.0,1.0,0.68,2.0,2.0,1.0,0.0
254,ddb_elast.F90,83.0,83.0,1.0,606.0,58.0,397.0,156.0,1.0,0.0,1.0,1.0,667.0,63.0,399.0,38.0,360.0,212.0,309.0,30.0,279.0,83.0,83.0,1.0,5.0,0.53,83.0,83.0,1.0,0.0
255,m_geometry.F90,4.0,4.0,1.0,50.0,10.0,28.0,12.0,8.0,1.0,1.0,8.0,681.0,116.0,251.0,107.0,143.0,329.0,214.0,86.0,128.0,16.0,16.0,3.0,6.0,1.31,39.0,33.0,12.0,0.0
256,xmpi_gather.finc,1.0,1.0,1.0,32.0,6.0,15.0,10.0,6.0,0.0,6.0,6.0,359.0,49.0,94.0,48.0,12.0,216.0,60.0,48.0,12.0,1.0,1.0,1.0,0.0,2.30,6.0,6.0,6.0,0.0
257,psp6cc.F90,4.0,4.0,1.0,89.0,16.0,45.0,30.0,2.0,0.0,1.0,1.0,224.0,35.0,92.0,46.0,45.0,102.0,62.0,17.0,45.0,8.0,8.0,3.0,1.0,1.11,8.0,8.0,3.0,0.0
258,make_efg_onsite.F90,8.0,7.0,3.0,91.0,15.0,61.0,26.0,2.0,0.0,1.0,1.0,243.0,35.0,125.0,52.0,72.0,109.0,109.0,35.0,74.0,17.0,14.0,6.0,4.0,0.87,17.0,14.0,6.0,0.0
259,conducti_paw.F90,17.0,17.0,0.0,203.0,23.0,153.0,30.0,2.0,0.0,1.0,1.0,486.0,50.0,308.0,94.0,213.0,138.0,244.0,37.0,207.0,34.0,34.0,1.0,8.0,0.45,34.0,34.0,1.0,0.0
260,constrf.F90,7.0,7.0,0.0,74.0,10.0,49.0,15.0,2.0,0.0,1.0,1.0,203.0,23.0,100.0,39.0,60.0,83.0,75.0,20.0,55.0,15.0,15.0,1.0,3.0,0.83,15.0,15.0,1.0,0.0
261,write_irreg_array.f90,5.0,5.0,1.0,61.0,9.0,49.0,3.0,2.0,0.0,1.0,2.0,110.0,16.0,88.0,20.0,68.0,6.0,85.0,20.0,65.0,8.0,8.0,1.0,1.0,0.07,10.0,10.0,2.0,0.0
262,pspnl_operat_rec.F90,9.0,9.0,2.0,110.0,20.0,60.0,35.0,2.0,0.0,1.0,2.0,260.0,40.0,116.0,40.0,75.0,117.0,107.0,30.0,77.0,17.0,17.0,3.0,0.0,1.01,18.0,18.0,4.0,0.0
263,m_pawpwij.F90,9.0,8.0,1.0,106.0,18.0,63.0,28.0,9.0,1.0,1.0,9.0,1401.0,226.0,620.0,239.0,380.0,603.0,555.0,166.0,389.0,31.0,30.0,8.0,7.0,0.97,83.0,77.0,16.0,0.0
264,newton.F90,8.0,8.0,2.0,171.0,22.0,93.0,58.0,3.0,0.0,1.0,3.0,424.0,55.0,196.0,77.0,118.0,182.0,186.0,73.0,113.0,15.0,15.0,6.0,1.0,0.93,24.0,24.0,8.0,0.0
265,m_matlu.F90,14.0,14.0,1.0,87.0,7.0,58.0,26.0,24.0,1.0,1.0,24.0,2941.0,238.0,1438.0,414.0,1023.0,1378.0,1313.0,343.0,970.0,55.0,55.0,9.0,11.0,0.96,338.0,338.0,32.0,0.0
266,prep_calc_ucrpa.F90,41.0,41.0,2.0,403.0,41.0,237.0,136.0,2.0,0.0,1.0,1.0,907.0,86.0,476.0,157.0,314.0,370.0,392.0,88.0,304.0,83.0,82.0,4.0,11.0,0.78,83.0,82.0,4.0,0.0
267,mlwfovlp_projpaw.F90,20.0,20.0,5.0,186.0,12.0,106.0,74.0,2.0,0.0,1.0,1.0,445.0,27.0,215.0,69.0,145.0,218.0,185.0,47.0,138.0,40.0,40.0,10.0,9.0,1.01,40.0,40.0,10.0,0.0
268,m_ioarr.F90,10.0,10.0,4.0,119.0,19.0,73.0,28.0,9.0,1.0,1.0,5.0,1307.0,191.0,678.0,184.0,341.0,461.0,494.0,133.0,361.0,53.0,53.0,25.0,6.0,0.68,93.0,93.0,42.0,0.0
269,gwls_polarisability.F90,6.0,6.0,1.0,162.0,47.0,76.0,39.0,4.0,1.0,1.0,4.0,803.0,214.0,335.0,92.0,242.0,264.0,312.0,75.0,237.0,22.0,22.0,1.0,7.0,0.79,25.0,25.0,4.0,0.0
270,psp4cc.F90,2.0,2.0,1.0,54.0,9.0,24.0,21.0,6.0,0.0,1.0,6.0,298.0,45.0,108.0,47.0,60.0,148.0,78.0,37.0,41.0,10.0,10.0,1.0,0.0,1.37,15.0,15.0,6.0,0.0
271,importxyz.F90,4.0,4.0,0.0,54.0,12.0,34.0,9.0,2.0,0.0,1.0,1.0,155.0,28.0,70.0,21.0,48.0,62.0,64.0,19.0,45.0,8.0,8.0,1.0,2.0,0.89,8.0,8.0,1.0,0.0
272,abi_xpotrf.f90,1.0,1.0,1.0,30.0,7.0,13.0,9.0,4.0,0.0,4.0,4.0,199.0,37.0,55.0,30.0,9.0,108.0,41.0,30.0,11.0,3.0,3.0,1.0,1.0,1.96,6.0,6.0,4.0,0.0
273,wvl_nl_gradient.F90,2.0,2.0,1.0,85.0,16.0,46.0,23.0,1.0,0.0,1.0,1.0,122.0,19.0,48.0,17.0,1.0,57.0,17.0,15.0,2.0,2.0,2.0,1.0,1.0,1.19,2.0,2.0,1.0,0.0
274,mrggkk.F90,48.0,48.0,1.0,396.0,68.0,260.0,75.0,1.0,0.0,1.0,1.0,448.0,71.0,262.0,49.0,209.0,124.0,233.0,30.0,203.0,48.0,48.0,1.0,8.0,0.47,48.0,48.0,1.0,0.0
275,gwls_sternheimer.F90,2.0,2.0,0.0,104.0,27.0,64.0,14.0,2.0,0.0,1.0,1.0,250.0,59.0,130.0,55.0,74.0,65.0,120.0,52.0,68.0,5.0,5.0,1.0,1.0,0.50,5.0,5.0,1.0,0.0
276,ptg_C3v.F90,2.0,2.0,1.0,84.0,8.0,64.0,12.0,1.0,0.0,1.0,1.0,124.0,12.0,66.0,19.0,46.0,48.0,58.0,11.0,47.0,2.0,2.0,1.0,1.0,0.73,2.0,2.0,1.0,0.0
277,m_BathOperator.F90,6.0,6.0,1.0,59.0,7.0,34.0,19.0,18.0,1.0,1.0,18.0,1802.0,177.0,676.0,229.0,431.0,980.0,710.0,224.0,486.0,19.0,19.0,1.0,4.0,1.45,119.0,119.0,18.0,0.0
278,BathOperator_hybrid.h,0.0,0.0,0.0,0.0,0.0,0.0,0.0,0.0,0.0,0.0,0.0,8.0,1.0,7.0,6.0,1.0,0.0,7.0,6.0,1.0,0.0,0.0,0.0,0.0,0.00,0.0,0.0,0.0,0.0
279,BathOperator_hybrid,0.0,0.0,0.0,0.0,0.0,0.0,0.0,0.0,0.0,0.0,0.0,16.0,2.0,11.0,0.0,11.0,4.0,10.0,0.0,10.0,0.0,0.0,0.0,0.0,0.36,0.0,0.0,0.0,0.0
280,cont22cso.F90,1.0,1.0,1.0,79.0,10.0,36.0,33.0,1.0,0.0,1.0,1.0,135.0,14.0,38.0,9.0,28.0,85.0,24.0,8.0,16.0,1.0,1.0,1.0,0.0,2.24,1.0,1.0,1.0,0.0
281,pareigocc.F90,26.0,26.0,11.0,148.0,23.0,102.0,23.0,1.0,0.0,1.0,1.0,217.0,26.0,104.0,22.0,81.0,89.0,93.0,17.0,76.0,26.0,26.0,11.0,7.0,0.86,26.0,26.0,11.0,0.0
282,matr3eigval.F90,1.0,1.0,1.0,37.0,9.0,16.0,12.0,1.0,0.0,1.0,1.0,74.0,13.0,18.0,9.0,8.0,45.0,16.0,8.0,8.0,1.0,1.0,1.0,0.0,2.50,1.0,1.0,1.0,0.0
283,dmft_solve.F90,10.0,10.0,1.0,232.0,31.0,121.0,86.0,2.0,0.0,1.0,1.0,516.0,66.0,244.0,53.0,190.0,219.0,211.0,45.0,166.0,21.0,21.0,3.0,2.0,0.90,21.0,21.0,3.0,0.0
284,outkss.F90,38.0,38.0,3.0,421.0,42.0,301.0,123.0,3.0,0.0,1.0,3.0,1214.0,111.0,782.0,162.0,615.0,411.0,642.0,103.0,539.0,106.0,106.0,7.0,1.0,0.53,115.0,115.0,9.0,0.0
285,defs_fftdata.F90,5.0,5.0,3.0,51.0,12.0,29.0,10.0,1.0,1.0,1.0,1.0,219.0,23.0,135.0,112.0,22.0,64.0,41.0,23.0,18.0,5.0,5.0,3.0,2.0,0.47,5.0,5.0,3.0,0.0
286,m_gsphere.F90,10.0,9.0,1.0,91.0,13.0,59.0,20.0,19.0,1.0,1.0,19.0,2497.0,352.0,1173.0,429.0,742.0,1023.0,1056.0,291.0,765.0,30.0,30.0,5.0,6.0,0.87,190.0,188.0,37.0,0.0
287,dotproductqrc.F90,2.0,2.0,1.0,31.0,7.0,13.0,11.0,1.0,0.0,1.0,1.0,62.0,9.0,14.0,8.0,5.0,40.0,12.0,8.0,4.0,2.0,2.0,1.0,1.0,2.86,2.0,2.0,1.0,0.0
288,mkeuler.F90,13.0,13.0,3.0,78.0,10.0,56.0,13.0,1.0,0.0,1.0,1.0,123.0,14.0,58.0,14.0,43.0,54.0,60.0,12.0,48.0,13.0,13.0,3.0,2.0,0.93,13.0,13.0,3.0,0.0
289,dfpt_cgwf.F90,122.0,122.0,9.0,965.0,93.0,641.0,245.0,1.0,0.0,1.0,1.0,1075.0,96.0,643.0,137.0,506.0,352.0,560.0,55.0,505.0,122.0,122.0,9.0,5.0,0.55,122.0,122.0,9.0,0.0
290,j1y1.F90,4.0,4.0,1.0,88.0,1.0,39.0,47.0,5.0,0.0,3.0,3.0,452.0,13.0,198.0,87.0,110.0,243.0,146.0,35.0,111.0,19.0,19.0,6.0,2.0,1.23,21.0,21.0,8.0,0.0
291,energy.F90,45.0,45.0,3.0,370.0,37.0,288.0,45.0,2.0,0.0,1.0,1.0,892.0,78.0,579.0,158.0,413.0,240.0,486.0,95.0,391.0,91.0,91.0,6.0,6.0,0.41,91.0,91.0,6.0,0.0
292,m_phonons.F90,9.0,9.0,1.0,117.0,19.0,70.0,29.0,11.0,1.0,1.0,11.0,1588.0,251.0,774.0,291.0,434.0,592.0,615.0,183.0,432.0,53.0,52.0,4.0,9.0,0.76,109.0,105.0,19.0,0.0
293,strconv.F90,5.0,5.0,1.0,55.0,11.0,33.0,12.0,1.0,0.0,1.0,1.0,102.0,15.0,35.0,10.0,24.0,55.0,36.0,9.0,27.0,5.0,5.0,1.0,2.0,1.57,5.0,5.0,1.0,0.0
294,qmc_prep_ctqmc.F90,114.0,114.0,0.0,1048.0,126.0,564.0,422.0,2.0,0.0,1.0,1.0,2148.0,256.0,1130.0,182.0,940.0,893.0,998.0,96.0,902.0,229.0,229.0,1.0,11.0,0.79,229.0,229.0,1.0,0.0
295,m_paw_dmft.F90,11.0,11.0,1.0,111.0,12.0,70.0,28.0,10.0,1.0,1.0,10.0,1652.0,230.0,806.0,256.0,544.0,632.0,685.0,202.0,483.0,25.0,25.0,1.0,6.0,0.78,117.0,117.0,10.0,0.0
296,metcon.F90,5.0,5.0,1.0,154.0,13.0,99.0,41.0,2.0,0.0,1.0,2.0,342.0,26.0,166.0,20.0,145.0,152.0,71.0,18.0,53.0,10.0,10.0,1.0,0.0,0.92,11.0,11.0,2.0,0.0
297,m_levenberg_marquardt.F90,15.0,14.0,6.0,185.0,49.0,64.0,70.0,8.0,1.0,1.0,11.0,1703.0,429.0,531.0,148.0,382.0,748.0,596.0,146.0,450.0,52.0,52.0,24.0,3.0,1.41,124.0,119.0,54.0,0.0
298,pawuj_drive.F90,6.0,6.0,1.0,107.0,24.0,58.0,26.0,1.0,0.0,1.0,1.0,203.0,27.0,60.0,33.0,26.0,119.0,50.0,23.0,27.0,6.0,6.0,1.0,2.0,1.98,6.0,6.0,1.0,0.0
299,pred_langevin.F90,89.0,89.0,1.0,704.0,95.0,437.0,179.0,1.0,0.0,1.0,1.0,756.0,98.0,439.0,66.0,372.0,228.0,405.0,43.0,362.0,89.0,89.0,1.0,7.0,0.52,89.0,89.0,1.0,0.0
300,dfpt_vtorho.F90,23.0,23.0,1.0,240.0,28.0,183.0,32.0,3.0,0.0,1.0,1.0,883.0,88.0,552.0,201.0,351.0,256.0,470.0,114.0,356.0,71.0,71.0,4.0,6.0,0.46,71.0,71.0,4.0,0.0
301,m_fft_prof.F90,8.0,7.0,1.0,79.0,15.0,47.0,17.0,20.0,1.0,1.0,20.0,2225.0,397.0,1043.0,417.0,625.0,808.0,967.0,331.0,636.0,39.0,36.0,4.0,7.0,0.77,162.0,158.0,23.0,0.0
302,positions.f90,4.0,4.0,1.0,42.0,11.0,24.0,7.0,3.0,0.0,3.0,3.0,142.0,41.0,74.0,28.0,46.0,30.0,74.0,28.0,46.0,6.0,6.0,1.0,3.0,0.41,12.0,12.0,3.0,0.0
303,xcwign.F90,6.0,6.0,1.0,90.0,13.0,51.0,28.0,1.0,0.0,1.0,1.0,134.0,17.0,53.0,19.0,33.0,68.0,44.0,15.0,29.0,6.0,6.0,1.0,2.0,1.28,6.0,6.0,1.0,0.0
304,write_eig.F90,1.0,1.0,1.0,142.0,26.0,88.0,28.0,1.0,0.0,1.0,1.0,182.0,30.0,90.0,21.0,0.0,64.0,20.0,20.0,0.0,1.0,1.0,1.0,0.0,0.71,1.0,1.0,1.0,0.0
305,xchcth.F90,13.0,13.0,0.0,570.0,90.0,346.0,136.0,2.0,0.0,1.0,1.0,1205.0,184.0,694.0,58.0,635.0,334.0,734.0,40.0,694.0,26.0,26.0,1.0,5.0,0.48,26.0,26.0,1.0,0.0
306,m_bond_lotf.F90,4.0,4.0,1.0,41.0,8.0,23.0,10.0,7.0,1.0,1.0,7.0,475.0,83.0,192.0,86.0,105.0,215.0,157.0,58.0,99.0,8.0,8.0,1.0,4.0,1.12,30.0,30.0,7.0,0.0
307,pawaccrhoij.F90,111.0,111.0,10.0,527.0,26.0,462.0,48.0,1.0,0.0,1.0,1.0,604.0,29.0,464.0,36.0,427.0,122.0,499.0,28.0,471.0,111.0,111.0,10.0,9.0,0.26,111.0,111.0,10.0,0.0
308,dfpt_nstpaw.F90,125.0,125.0,5.0,803.0,67.0,614.0,133.0,2.0,0.0,1.0,1.0,1763.0,138.0,1230.0,293.0,928.0,420.0,1085.0,142.0,943.0,250.0,250.0,10.0,10.0,0.34,250.0,250.0,10.0,0.0
309,ptg_C4v.F90,2.0,2.0,1.0,124.0,10.0,102.0,12.0,1.0,0.0,1.0,1.0,164.0,14.0,104.0,21.0,82.0,48.0,94.0,11.0,83.0,2.0,2.0,1.0,1.0,0.46,2.0,2.0,1.0,0.0
310,rayleigh_ritz.F90,6.0,6.0,0.0,78.0,12.0,52.0,13.0,3.0,0.0,2.0,2.0,776.0,104.0,371.0,47.0,69.0,304.0,106.0,34.0,72.0,14.0,14.0,1.0,3.0,0.82,18.0,18.0,2.0,0.0
311,m_iowf.F90,16.0,16.0,1.0,213.0,33.0,133.0,52.0,3.0,1.0,1.0,3.0,1569.0,231.0,872.0,110.0,197.0,511.0,285.0,78.0,207.0,37.0,37.0,1.0,5.0,0.59,50.0,50.0,3.0,0.0
312,xmpi_allgather.finc,1.0,1.0,1.0,31.0,6.0,14.0,11.0,7.0,0.0,7.0,7.0,435.0,61.0,98.0,49.0,14.0,276.0,63.0,49.0,14.0,1.0,1.0,1.0,0.0,2.82,7.0,7.0,7.0,0.0
313,vlocalstr.F90,1.0,1.0,1.0,36.0,7.0,16.0,12.0,13.0,0.0,1.0,10.0,409.0,77.0,165.0,71.0,93.0,169.0,148.0,65.0,83.0,12.0,12.0,7.0,0.0,1.02,21.0,21.0,16.0,0.0
314,m_xomp.F90,1.0,1.0,1.0,28.0,7.0,8.0,12.0,7.0,1.0,1.0,7.0,415.0,88.0,76.0,45.0,10.0,254.0,59.0,44.0,15.0,2.0,2.0,1.0,1.0,3.34,10.0,10.0,7.0,0.0
315,getng.F90,33.0,33.0,11.0,207.0,27.0,139.0,49.0,2.0,0.0,1.0,1.0,487.0,57.0,280.0,44.0,235.0,168.0,274.0,37.0,237.0,66.0,66.0,22.0,7.0,0.60,66.0,66.0,22.0,0.0
316,overlap_g.F90,4.0,4.0,1.0,50.0,9.0,27.0,14.0,1.0,0.0,1.0,1.0,103.0,12.0,29.0,14.0,14.0,64.0,26.0,12.0,14.0,4.0,4.0,1.0,2.0,2.21,4.0,4.0,1.0,0.0
317,dfpt_eltfrhar.F90,7.0,7.0,0.0,63.0,9.0,43.0,11.0,3.0,0.0,1.0,1.0,240.0,32.0,131.0,33.0,97.0,79.0,123.0,30.0,93.0,22.0,22.0,1.0,7.0,0.60,22.0,22.0,1.0,0.0
318,dfpt_dyxc1.F90,7.0,7.0,0.0,88.0,15.0,57.0,15.0,2.0,0.0,1.0,1.0,254.0,34.0,117.0,48.0,68.0,105.0,102.0,37.0,65.0,14.0,14.0,1.0,6.0,0.90,14.0,14.0,1.0,0.0
319,gw_tools.F90,18.0,18.0,5.0,122.0,21.0,78.0,28.0,3.0,0.0,3.0,3.0,490.0,78.0,242.0,86.0,153.0,196.0,239.0,73.0,166.0,26.0,26.0,15.0,7.0,0.81,56.0,54.0,17.0,0.0
320,dzgedi.F90,21.0,21.0,4.0,173.0,5.0,92.0,76.0,1.0,0.0,1.0,1.0,210.0,8.0,94.0,9.0,84.0,110.0,113.0,8.0,105.0,21.0,21.0,4.0,3.0,1.17,21.0,21.0,4.0,0.0
321,pspini.F90,41.0,41.0,3.0,260.0,31.0,193.0,47.0,2.0,0.0,1.0,1.0,592.0,65.0,389.0,94.0,294.0,164.0,354.0,54.0,300.0,82.0,82.0,7.0,12.0,0.42,82.0,82.0,7.0,0.0
322,m_ifc.F90,17.0,17.0,1.0,172.0,28.0,112.0,34.0,8.0,1.0,1.0,8.0,1971.0,315.0,972.0,275.0,629.0,717.0,795.0,195.0,600.0,52.0,52.0,5.0,6.0,0.74,142.0,141.0,15.0,0.0
323,volcel.F90,1.0,1.0,1.0,23.0,5.0,8.0,10.0,1.0,0.0,1.0,1.0,27.0,6.0,9.0,4.0,4.0,13.0,6.0,4.0,2.0,1.0,1.0,1.0,0.0,1.44,1.0,1.0,1.0,0.0
324,m_work_var_lotf.F90,3.0,3.0,2.0,32.0,7.0,16.0,9.0,4.0,1.0,1.0,4.0,257.0,48.0,87.0,45.0,41.0,129.0,70.0,35.0,35.0,5.0,5.0,5.0,4.0,1.48,12.0,12.0,8.0,0.0
325,gaugetransfo.F90,3.0,3.0,1.0,59.0,17.0,26.0,18.0,1.0,0.0,1.0,1.0,110.0,21.0,28.0,15.0,12.0,65.0,23.0,13.0,10.0,3.0,3.0,1.0,2.0,2.32,3.0,3.0,1.0,0.0
326,k_neighbors.F90,1.0,1.0,1.0,81.0,12.0,47.0,22.0,1.0,0.0,1.0,1.0,122.0,16.0,49.0,16.0,32.0,59.0,46.0,15.0,31.0,1.0,1.0,1.0,0.0,1.20,1.0,1.0,1.0,0.0
327,m_dynmat.F90,19.0,19.0,2.0,123.0,19.0,79.0,26.0,31.0,1.0,1.0,31.0,5096.0,701.0,2494.0,476.0,2017.0,1980.0,2228.0,379.0,1849.0,78.0,78.0,29.0,14.0,0.79,603.0,602.0,82.0,0.0
328,fftug_driver.finc,0.0,0.0,0.0,0.0,0.0,0.0,0.0,0.0,0.0,0.0,0.0,103.0,16.0,69.0,15.0,54.0,24.0,71.0,8.0,63.0,0.0,0.0,0.0,0.0,0.35,0.0,0.0,0.0,0.0
329,mksubham.F90,27.0,27.0,1.0,182.0,13.0,138.0,32.0,1.0,0.0,1.0,1.0,245.0,17.0,140.0,20.0,113.0,91.0,137.0,17.0,120.0,27.0,27.0,1.0,6.0,0.65,27.0,27.0,1.0,0.0
330,cont22.F90,1.0,1.0,1.0,91.0,13.0,61.0,17.0,1.0,0.0,1.0,1.0,136.0,17.0,63.0,8.0,54.0,58.0,13.0,7.0,6.0,1.0,1.0,1.0,0.0,0.92,1.0,1.0,1.0,0.0
331,m_bspline.F90,13.0,13.0,2.0,108.0,18.0,63.0,26.0,20.0,1.0,1.0,20.0,2348.0,454.0,1293.0,311.0,981.0,608.0,1251.0,270.0,981.0,53.0,53.0,13.0,7.0,0.47,277.0,277.0,59.0,0.0
332,m_OurRng.F90,3.0,3.0,1.0,40.0,6.0,20.0,18.0,1.0,1.0,1.0,1.0,118.0,15.0,28.0,17.0,10.0,81.0,28.0,16.0,12.0,3.0,3.0,1.0,1.0,2.89,3.0,3.0,1.0,0.0
333,laplacian.F90,5.0,5.0,0.0,40.0,5.0,28.0,7.0,4.0,0.0,1.0,1.0,217.0,23.0,117.0,34.0,82.0,82.0,104.0,26.0,78.0,20.0,20.0,1.0,6.0,0.70,20.0,20.0,1.0,0.0
334,prep_getghc.F90,21.0,21.0,0.0,225.0,28.0,166.0,34.0,2.0,0.0,1.0,1.0,505.0,60.0,334.0,85.0,248.0,120.0,250.0,42.0,208.0,43.0,43.0,1.0,3.0,0.36,43.0,43.0,1.0,0.0
335,fermi_green.F90,3.0,3.0,0.0,67.0,7.0,38.0,22.0,2.0,0.0,1.0,1.0,177.0,18.0,79.0,23.0,55.0,84.0,72.0,21.0,51.0,6.0,6.0,1.0,2.0,1.06,6.0,6.0,1.0,0.0
336,invars1m.F90,6.0,6.0,0.0,109.0,13.0,77.0,19.0,2.0,0.0,1.0,1.0,291.0,29.0,156.0,66.0,89.0,108.0,122.0,25.0,97.0,12.0,12.0,1.0,4.0,0.69,12.0,12.0,1.0,0.0
337,dfpt_dyfro.F90,7.0,7.0,0.0,82.0,8.0,61.0,13.0,2.0,0.0,1.0,1.0,260.0,20.0,124.0,64.0,59.0,120.0,104.0,40.0,64.0,15.0,15.0,1.0,3.0,0.97,15.0,15.0,1.0,0.0
338,freeze_displ_allmodes.F90,2.0,2.0,1.0,52.0,14.0,25.0,13.0,1.0,0.0,1.0,1.0,106.0,17.0,27.0,20.0,6.0,64.0,24.0,18.0,6.0,2.0,2.0,1.0,1.0,2.37,2.0,2.0,1.0,0.0
339,vms_prepare_input.F90,1.0,1.0,1.0,135.0,4.0,79.0,52.0,1.0,0.0,1.0,1.0,135.0,4.0,79.0,2.0,1.0,52.0,3.0,2.0,1.0,1.0,1.0,1.0,0.0,0.66,1.0,1.0,1.0,0.0
340,bound.F90,10.0,10.0,1.0,87.0,11.0,59.0,17.0,2.0,0.0,1.0,2.0,206.0,22.0,109.0,22.0,86.0,77.0,102.0,20.0,82.0,20.0,20.0,1.0,0.0,0.71,21.0,21.0,2.0,0.0
341,gwls_Projected_AT.F90,22.0,22.0,1.0,413.0,122.0,209.0,130.0,1.0,1.0,1.0,1.0,505.0,139.0,231.0,72.0,158.0,185.0,210.0,57.0,153.0,22.0,22.0,1.0,4.0,0.80,22.0,22.0,1.0,0.0
342,m_kxc.F90,17.0,17.0,1.0,199.0,37.0,109.0,56.0,7.0,1.0,1.0,7.0,1776.0,293.0,797.0,262.0,534.0,719.0,688.0,160.0,528.0,43.0,43.0,1.0,5.0,0.90,122.0,119.0,7.0,0.0
343,smatrix_pawinit.F90,35.0,35.0,7.0,395.0,35.0,240.0,141.0,1.0,0.0,1.0,1.0,459.0,39.0,242.0,68.0,173.0,201.0,208.0,44.0,164.0,35.0,35.0,7.0,6.0,0.83,35.0,35.0,7.0,0.0
344,contistr12.F90,8.0,8.0,1.0,2934.0,14.0,2897.0,23.0,1.0,0.0,1.0,1.0,2987.0,17.0,2899.0,16.0,2882.0,73.0,1042.0,13.0,1029.0,8.0,8.0,1.0,2.0,0.03,8.0,8.0,1.0,0.0
345,deloc2xcart.F90,9.0,9.0,1.0,82.0,14.0,60.0,7.0,2.0,0.0,1.0,1.0,237.0,32.0,123.0,30.0,92.0,84.0,120.0,28.0,92.0,19.0,19.0,3.0,2.0,0.68,19.0,19.0,3.0,0.0
346,opernl2.F90,32.0,32.0,0.0,267.0,27.0,143.0,97.0,2.0,0.0,1.0,1.0,636.0,58.0,288.0,43.0,244.0,293.0,285.0,27.0,258.0,65.0,65.0,1.0,9.0,1.02,65.0,65.0,1.0,0.0
347,dfptff_bec.F90,14.0,14.0,1.0,137.0,21.0,98.0,23.0,1.0,0.0,1.0,1.0,198.0,24.0,100.0,33.0,66.0,81.0,88.0,23.0,65.0,14.0,14.0,1.0,5.0,0.81,14.0,14.0,1.0,0.0
348,initwf.F90,4.0,4.0,0.0,63.0,12.0,35.0,16.0,2.0,0.0,1.0,1.0,191.0,27.0,73.0,31.0,32.0,94.0,56.0,26.0,30.0,9.0,9.0,1.0,2.0,1.29,9.0,9.0,1.0,0.0
349,rf2_init.F90,77.0,77.0,1.0,633.0,90.0,440.0,152.0,1.0,0.0,1.0,1.0,696.0,93.0,442.0,80.0,358.0,212.0,395.0,41.0,354.0,77.0,77.0,1.0,6.0,0.48,77.0,77.0,1.0,0.0
350,printvtk.F90,61.0,61.0,12.0,310.0,31.0,252.0,37.0,1.0,0.0,1.0,1.0,359.0,34.0,254.0,35.0,218.0,83.0,245.0,25.0,220.0,61.0,61.0,12.0,7.0,0.33,61.0,61.0,12.0,0.0
351,metstr.F90,26.0,26.0,1.0,2796.0,19.0,2750.0,28.0,1.0,0.0,1.0,1.0,2889.0,23.0,2752.0,19.0,2732.0,117.0,888.0,16.0,872.0,26.0,26.0,1.0,3.0,0.04,26.0,26.0,1.0,0.0
352,fresidrsp.F90,7.0,7.0,1.0,96.0,14.0,64.0,18.0,1.0,0.0,1.0,1.0,162.0,17.0,66.0,40.0,25.0,81.0,61.0,31.0,30.0,7.0,7.0,1.0,2.0,1.23,7.0,7.0,1.0,0.0
353,m_efmas_defs.F90,0.0,0.0,0.0,0.0,0.0,0.0,0.0,0.0,1.0,1.0,0.0,72.0,14.0,17.0,16.0,0.0,43.0,15.0,15.0,0.0,0.0,0.0,0.0,0.0,2.53,0.0,0.0,0.0,0.0
354,inpgkk.F90,10.0,10.0,1.0,98.0,19.0,65.0,14.0,1.0,0.0,1.0,1.0,138.0,23.0,67.0,30.0,36.0,50.0,52.0,19.0,33.0,10.0,10.0,1.0,3.0,0.75,10.0,10.0,1.0,0.0
355,m_mpiotk.F90,1.0,1.0,1.0,14.0,5.0,3.0,6.0,1.0,1.0,1.0,1.0,937.0,148.0,403.0,14.0,0.0,399.0,13.0,13.0,0.0,1.0,1.0,1.0,0.0,0.99,1.0,1.0,1.0,0.0
356,dfpt_vlocal.F90,1.0,1.0,0.0,34.0,7.0,15.0,11.0,12.0,0.0,1.0,9.0,365.0,68.0,150.0,65.0,84.0,150.0,138.0,60.0,78.0,11.0,11.0,1.0,0.0,1.00,19.0,19.0,9.0,0.0
357,tddft.F90,146.0,146.0,1.0,1589.0,210.0,1039.0,372.0,1.0,0.0,1.0,1.0,1673.0,214.0,1041.0,145.0,704.0,452.0,711.0,74.0,637.0,146.0,146.0,1.0,8.0,0.43,146.0,146.0,1.0,0.0
358,m_interp.F90,5.0,5.0,2.0,67.0,15.0,34.0,18.0,8.0,1.0,1.0,8.0,850.0,170.0,318.0,152.0,164.0,378.0,290.0,123.0,167.0,12.0,12.0,7.0,6.0,1.19,44.0,42.0,17.0,0.0
359,getkgrid.F90,39.0,39.0,12.0,209.0,25.0,156.0,35.0,2.0,0.0,1.0,1.0,481.0,53.0,314.0,73.0,240.0,131.0,279.0,35.0,244.0,78.0,78.0,25.0,9.0,0.42,78.0,78.0,25.0,0.0
360,pawpolev.F90,6.0,6.0,1.0,85.0,19.0,45.0,22.0,1.0,0.0,1.0,1.0,126.0,22.0,47.0,24.0,22.0,60.0,42.0,20.0,22.0,6.0,6.0,1.0,4.0,1.28,6.0,6.0,1.0,0.0
361,chkdpr.F90,15.0,15.0,1.0,98.0,12.0,71.0,15.0,1.0,0.0,1.0,1.0,157.0,16.0,73.0,19.0,53.0,70.0,52.0,15.0,37.0,15.0,15.0,1.0,3.0,0.96,15.0,15.0,1.0,0.0
362,xcart2xred.F90,3.0,3.0,1.0,39.0,8.0,19.0,12.0,1.0,0.0,1.0,1.0,91.0,12.0,21.0,13.0,7.0,60.0,18.0,12.0,6.0,3.0,3.0,1.0,2.0,2.86,3.0,3.0,1.0,0.0
363,m_gwdefs.F90,4.0,4.0,1.0,36.0,9.0,17.0,10.0,8.0,1.0,1.0,8.0,857.0,167.0,361.0,282.0,78.0,412.0,265.0,183.0,82.0,10.0,10.0,1.0,3.0,1.14,38.0,38.0,8.0,0.0
364,pred_verlet.F90,35.0,35.0,0.0,256.0,26.0,169.0,60.0,2.0,0.0,1.0,1.0,583.0,56.0,340.0,55.0,284.0,189.0,301.0,33.0,268.0,70.0,70.0,1.0,5.0,0.56,70.0,70.0,1.0,0.0
365,sincos.F90,6.0,6.0,1.0,90.0,18.0,38.0,35.0,1.0,0.0,1.0,1.0,139.0,22.0,40.0,13.0,22.0,80.0,34.0,12.0,22.0,6.0,6.0,1.0,3.0,2.00,6.0,6.0,1.0,0.0
366,read_atomden.F90,10.0,10.0,0.0,89.0,9.0,61.0,21.0,2.0,0.0,1.0,1.0,221.0,21.0,124.0,43.0,80.0,82.0,115.0,28.0,87.0,21.0,21.0,1.0,3.0,0.66,21.0,21.0,1.0,0.0
367,m_primcell_ddb_info.F90,6.0,6.0,1.0,90.0,12.0,66.0,11.0,4.0,1.0,1.0,4.0,552.0,70.0,297.0,137.0,159.0,205.0,237.0,78.0,159.0,19.0,19.0,1.0,1.0,0.69,24.0,24.0,4.0,0.0
368,ptg_C3i.F90,2.0,2.0,1.0,126.0,11.0,103.0,12.0,1.0,0.0,1.0,1.0,166.0,15.0,105.0,22.0,82.0,48.0,94.0,11.0,83.0,2.0,2.0,1.0,1.0,0.46,2.0,2.0,1.0,0.0
369,xmpi_max.finc,1.0,1.0,1.0,32.0,6.0,14.0,11.0,5.0,0.0,5.0,5.0,255.0,45.0,72.0,38.0,10.0,138.0,48.0,38.0,10.0,1.0,1.0,1.0,0.0,1.92,5.0,5.0,5.0,0.0
370,xfh_recover_new.F90,2.0,2.0,0.0,72.0,10.0,31.0,32.0,2.0,0.0,1.0,1.0,186.0,25.0,65.0,30.0,34.0,101.0,51.0,27.0,24.0,4.0,4.0,1.0,3.0,1.55,4.0,4.0,1.0,0.0
371,m_distribfft.F90,14.0,13.0,2.0,91.0,15.0,63.0,12.0,4.0,1.0,1.0,4.0,582.0,100.0,284.0,127.0,156.0,207.0,208.0,52.0,156.0,19.0,18.0,7.0,3.0,0.73,56.0,54.0,10.0,0.0
372,msig.F90,16.0,16.0,1.0,193.0,34.0,131.0,30.0,1.0,0.0,1.0,1.0,244.0,37.0,133.0,53.0,79.0,78.0,98.0,19.0,79.0,16.0,16.0,1.0,3.0,0.59,16.0,16.0,1.0,0.0
373,calc_efg.F90,7.0,7.0,0.0,123.0,11.0,95.0,22.0,2.0,0.0,1.0,1.0,314.0,25.0,193.0,56.0,136.0,110.0,171.0,41.0,130.0,15.0,15.0,1.0,4.0,0.57,15.0,15.0,1.0,0.0
374,invars2m.F90,2.0,2.0,0.0,44.0,9.0,23.0,12.0,2.0,0.0,1.0,1.0,150.0,22.0,48.0,23.0,24.0,83.0,42.0,20.0,22.0,4.0,4.0,1.0,2.0,1.73,4.0,4.0,1.0,0.0
375,findmin.F90,4.0,4.0,1.0,161.0,24.0,88.0,49.0,1.0,0.0,1.0,1.0,228.0,29.0,90.0,22.0,67.0,111.0,75.0,14.0,61.0,4.0,4.0,1.0,2.0,1.23,4.0,4.0,1.0,0.0
376,gwls_Projected_BT.F90,16.0,16.0,4.0,374.0,128.0,184.0,110.0,2.0,1.0,1.0,2.0,886.0,280.0,403.0,174.0,228.0,302.0,260.0,102.0,158.0,17.0,17.0,4.0,5.0,0.75,33.0,33.0,8.0,0.0
377,m_exit.F90,3.0,3.0,1.0,35.0,8.0,14.0,12.0,8.0,1.0,1.0,8.0,507.0,104.0,139.0,72.0,66.0,274.0,132.0,68.0,64.0,16.0,16.0,1.0,5.0,1.97,26.0,26.0,8.0,0.0
378,pspatm.F90,29.0,29.0,3.0,284.0,39.0,196.0,54.0,2.0,0.0,1.0,1.0,690.0,81.0,394.0,85.0,260.0,227.0,254.0,47.0,207.0,59.0,59.0,7.0,5.0,0.58,59.0,59.0,7.0,0.0
379,m_paw_numeric.F90,11.0,11.0,1.0,91.0,12.0,55.0,25.0,8.0,0.0,0.0,8.0,1.0,0.0,0.0,0.0,0.0,1.0,0.0,0.0,0.0,24.0,24.0,4.0,5.0,0.00,95.0,91.0,14.0,0.0
380,m_screening.F90,10.0,10.0,1.0,107.0,18.0,65.0,25.0,22.0,1.0,1.0,22.0,3382.0,540.0,1544.0,617.0,921.0,1368.0,1323.0,389.0,934.0,50.0,46.0,10.0,5.0,0.89,235.0,226.0,33.0,0.0
381,pimd_nosehoover_npt.F90,7.0,7.0,1.0,145.0,26.0,82.0,38.0,1.0,0.0,1.0,1.0,213.0,31.0,84.0,47.0,36.0,101.0,62.0,22.0,40.0,7.0,7.0,1.0,1.0,1.20,7.0,7.0,1.0,0.0
382,chkrprimd.F90,7.0,7.0,1.0,58.0,12.0,30.0,16.0,1.0,0.0,1.0,1.0,98.0,16.0,32.0,13.0,18.0,52.0,30.0,12.0,18.0,7.0,7.0,1.0,3.0,1.62,7.0,7.0,1.0,0.0
383,m_efield.F90,27.0,27.0,1.0,104.0,10.0,83.0,12.0,1.0,1.0,1.0,1.0,357.0,49.0,153.0,99.0,53.0,200.0,125.0,72.0,53.0,27.0,27.0,1.0,1.0,1.31,27.0,27.0,1.0,0.0
384,kramerskronig.F90,18.0,17.0,14.0,140.0,24.0,95.0,21.0,1.0,0.0,1.0,1.0,188.0,27.0,97.0,22.0,74.0,66.0,88.0,15.0,73.0,18.0,17.0,14.0,4.0,0.68,18.0,17.0,14.0,0.0
385,m_sg2002.F90,32.0,32.0,1.0,363.0,34.0,288.0,44.0,10.0,1.0,1.0,10.0,4228.0,387.0,2910.0,447.0,2462.0,987.0,2634.0,183.0,2451.0,88.0,88.0,5.0,6.0,0.34,322.0,321.0,14.0,0.0
386,m_efmas.F90,16.0,16.0,1.0,169.0,22.0,119.0,33.0,9.0,1.0,1.0,9.0,1823.0,239.0,1102.0,405.0,694.0,540.0,871.0,166.0,705.0,75.0,75.0,1.0,8.0,0.49,145.0,145.0,9.0,0.0
387,ptg_C6v.F90,2.0,2.0,1.0,168.0,11.0,145.0,12.0,1.0,0.0,1.0,1.0,208.0,15.0,147.0,22.0,124.0,48.0,136.0,11.0,125.0,2.0,2.0,1.0,1.0,0.33,2.0,2.0,1.0,0.0
388,cchi0q0_intraband.F90,46.0,45.0,9.0,517.0,62.0,338.0,144.0,1.0,0.0,1.0,1.0,599.0,65.0,340.0,127.0,212.0,223.0,307.0,89.0,218.0,46.0,45.0,9.0,5.0,0.66,46.0,45.0,9.0,0.0
389,hdr_vs_dtset.F90,10.0,10.0,1.0,148.0,21.0,99.0,29.0,2.0,0.0,1.0,2.0,299.0,37.0,183.0,41.0,141.0,82.0,126.0,26.0,100.0,19.0,19.0,1.0,1.0,0.45,21.0,21.0,2.0,0.0
390,cc_derivatives.F90,2.0,2.0,1.0,170.0,31.0,58.0,82.0,1.0,0.0,1.0,1.0,219.0,35.0,60.0,35.0,24.0,127.0,38.0,14.0,24.0,2.0,2.0,1.0,1.0,2.12,2.0,2.0,1.0,0.0
391,symplanes.F90,51.0,51.0,1.0,299.0,34.0,198.0,104.0,1.0,0.0,1.0,1.0,400.0,38.0,200.0,21.0,178.0,201.0,201.0,20.0,181.0,51.0,51.0,1.0,3.0,1.00,51.0,51.0,1.0,0.0
392,ep_setupqpt.F90,8.0,8.0,1.0,185.0,40.0,113.0,37.0,1.0,0.0,1.0,1.0,229.0,43.0,115.0,46.0,68.0,78.0,86.0,27.0,59.0,8.0,8.0,1.0,3.0,0.68,8.0,8.0,1.0,0.0
393,getghcnd.F90,12.0,12.0,1.0,160.0,34.0,93.0,38.0,1.0,0.0,1.0,1.0,219.0,37.0,95.0,34.0,60.0,94.0,75.0,21.0,54.0,12.0,12.0,1.0,3.0,0.99,12.0,12.0,1.0,0.0
394,defs_PSolver.F90,0.0,0.0,0.0,0.0,0.0,0.0,0.0,0.0,1.0,1.0,0.0,65.0,5.0,25.0,3.0,0.0,36.0,3.0,3.0,0.0,0.0,0.0,0.0,0.0,1.44,0.0,0.0,0.0,0.0
395,check_kxc.F90,6.0,6.0,1.0,59.0,11.0,40.0,11.0,1.0,0.0,1.0,1.0,94.0,14.0,42.0,11.0,30.0,43.0,27.0,9.0,18.0,6.0,6.0,1.0,2.0,1.02,6.0,6.0,1.0,0.0
396,prep_wavef_sym_do.F90,9.0,9.0,1.0,231.0,52.0,115.0,64.0,1.0,0.0,1.0,1.0,290.0,55.0,117.0,45.0,71.0,120.0,83.0,23.0,60.0,9.0,9.0,1.0,4.0,1.03,9.0,9.0,1.0,0.0
397,appdig.F90,4.0,4.0,1.0,61.0,9.0,29.0,23.0,1.0,0.0,1.0,1.0,103.0,13.0,31.0,14.0,16.0,61.0,27.0,12.0,15.0,4.0,4.0,1.0,1.0,1.97,4.0,4.0,1.0,0.0
398,setvtr.F90,35.0,35.0,0.0,271.0,29.0,192.0,54.0,2.0,0.0,1.0,1.0,666.0,62.0,387.0,102.0,269.0,229.0,316.0,71.0,245.0,70.0,70.0,1.0,4.0,0.59,70.0,70.0,1.0,0.0
399,dfpt_vtowfk.F90,28.0,28.0,2.0,254.0,31.0,175.0,49.0,2.0,0.0,1.0,1.0,633.0,65.0,353.0,121.0,227.0,221.0,293.0,72.0,221.0,56.0,56.0,5.0,4.0,0.63,56.0,56.0,5.0,0.0
400,initmpi_seq.F90,1.0,1.0,1.0,90.0,13.0,64.0,15.0,1.0,0.0,1.0,1.0,132.0,16.0,66.0,14.0,51.0,54.0,61.0,10.0,51.0,1.0,1.0,1.0,0.0,0.82,1.0,1.0,1.0,0.0
401,m_paw_ij.F90,40.0,40.0,2.0,476.0,38.0,374.0,67.0,11.0,0.0,1.0,11.0,2794.0,230.0,2064.0,156.0,1738.0,528.0,2235.0,147.0,2088.0,108.0,108.0,12.0,9.0,0.26,443.0,443.0,22.0,0.0
402,posratecore.F90,63.0,63.0,1.0,393.0,41.0,306.0,52.0,1.0,0.0,1.0,1.0,447.0,44.0,308.0,129.0,178.0,103.0,252.0,48.0,204.0,63.0,63.0,1.0,5.0,0.33,63.0,63.0,1.0,0.0
403,pred_nose.F90,58.0,58.0,1.0,444.0,59.0,296.0,91.0,1.0,0.0,1.0,1.0,510.0,62.0,298.0,50.0,247.0,154.0,284.0,43.0,241.0,58.0,58.0,1.0,5.0,0.52,58.0,58.0,1.0,0.0
404,gwls_LanczosBasis.F90,6.0,6.0,1.0,67.0,18.0,30.0,22.0,3.0,1.0,1.0,3.0,348.0,79.0,114.0,49.0,64.0,170.0,102.0,36.0,66.0,14.0,14.0,1.0,3.0,1.49,19.0,19.0,3.0,0.0
405,m_argparse.F90,1.0,1.0,0.0,34.0,7.0,19.0,8.0,6.0,1.0,1.0,3.0,332.0,69.0,147.0,46.0,14.0,121.0,64.0,44.0,20.0,5.0,4.0,1.0,1.0,0.82,8.0,7.0,3.0,0.0
406,xciit.F90,1.0,1.0,1.0,79.0,16.0,32.0,30.0,4.0,0.0,1.0,4.0,264.0,45.0,87.0,39.0,47.0,135.0,73.0,36.0,37.0,4.0,4.0,1.0,0.0,1.55,7.0,7.0,4.0,0.0
407,etheta.F90,5.0,5.0,3.0,90.0,27.0,41.0,24.0,1.0,0.0,1.0,1.0,144.0,31.0,43.0,16.0,26.0,74.0,41.0,14.0,27.0,5.0,5.0,3.0,3.0,1.72,5.0,5.0,3.0,0.0
408,integrate_gamma_tr_lova.F90,17.0,17.0,1.0,174.0,35.0,108.0,35.0,1.0,0.0,1.0,1.0,217.0,38.0,110.0,29.0,80.0,75.0,89.0,20.0,69.0,17.0,17.0,1.0,7.0,0.68,17.0,17.0,1.0,0.0
409,isfile.F90,13.0,13.0,1.0,112.0,15.0,83.0,16.0,1.0,0.0,1.0,1.0,154.0,18.0,85.0,24.0,60.0,55.0,61.0,14.0,47.0,13.0,13.0,1.0,4.0,0.65,13.0,13.0,1.0,0.0
410,predict_copy.F90,2.0,2.0,1.0,42.0,12.0,18.0,13.0,1.0,0.0,1.0,1.0,103.0,16.0,20.0,11.0,8.0,70.0,18.0,10.0,8.0,2.0,2.0,1.0,1.0,3.50,2.0,2.0,1.0,0.0
411,mlwfovlp_setup.F90,28.0,28.0,8.0,240.0,16.0,173.0,71.0,1.0,0.0,1.0,1.0,307.0,20.0,175.0,43.0,117.0,134.0,132.0,32.0,100.0,28.0,28.0,8.0,4.0,0.77,28.0,28.0,8.0,0.0
412,gam_mult_displ.F90,1.0,1.0,1.0,35.0,10.0,17.0,8.0,1.0,0.0,1.0,1.0,76.0,14.0,19.0,11.0,7.0,45.0,13.0,10.0,3.0,1.0,1.0,1.0,0.0,2.37,1.0,1.0,1.0,0.0
413,bsepostproc.F90,4.0,4.0,1.0,162.0,41.0,96.0,26.0,1.0,0.0,1.0,1.0,197.0,44.0,98.0,45.0,52.0,58.0,86.0,35.0,51.0,4.0,4.0,1.0,1.0,0.59,4.0,4.0,1.0,0.0
414,symsgcube.F90,36.0,26.0,0.0,233.0,12.0,208.0,26.0,2.0,0.0,1.0,1.0,517.0,29.0,419.0,22.0,396.0,97.0,484.0,20.0,464.0,72.0,53.0,1.0,6.0,0.23,72.0,53.0,1.0,0.0
415,mlwfovlp_proj.F90,36.0,36.0,15.0,243.0,12.0,163.0,87.0,2.0,0.0,1.0,1.0,558.0,28.0,329.0,86.0,242.0,243.0,295.0,54.0,241.0,72.0,72.0,30.0,15.0,0.74,72.0,72.0,30.0,0.0
416,pawuj_ini.F90,3.0,3.0,1.0,62.0,9.0,39.0,14.0,1.0,0.0,1.0,1.0,99.0,12.0,41.0,18.0,22.0,48.0,34.0,12.0,22.0,3.0,3.0,1.0,2.0,1.17,3.0,3.0,1.0,0.0
417,ep_fs_weights.F90,17.0,17.0,1.0,208.0,47.0,116.0,47.0,1.0,0.0,1.0,1.0,273.0,50.0,118.0,48.0,69.0,109.0,102.0,38.0,64.0,17.0,17.0,1.0,5.0,0.92,17.0,17.0,1.0,0.0
418,m_commutator_vkbr.F90,7.0,6.0,1.0,87.0,16.0,49.0,24.0,11.0,1.0,1.0,11.0,1434.0,241.0,582.0,237.0,344.0,637.0,518.0,175.0,343.0,13.0,13.0,8.0,6.0,1.09,79.0,74.0,18.0,0.0
419,dotprod_vn.F90,17.0,17.0,1.0,206.0,26.0,151.0,42.0,1.0,0.0,1.0,1.0,274.0,30.0,153.0,22.0,130.0,106.0,116.0,17.0,99.0,17.0,17.0,1.0,4.0,0.69,17.0,17.0,1.0,0.0
420,pawmkrho.F90,6.0,6.0,0.0,79.0,10.0,58.0,12.0,2.0,0.0,1.0,1.0,247.0,24.0,119.0,55.0,63.0,110.0,93.0,41.0,52.0,12.0,12.0,1.0,2.0,0.92,12.0,12.0,1.0,0.0
421,m_pawfgr.F90,7.0,7.0,3.0,68.0,13.0,41.0,15.0,4.0,1.0,1.0,4.0,530.0,94.0,189.0,81.0,107.0,253.0,176.0,57.0,119.0,16.0,16.0,10.0,9.0,1.34,31.0,30.0,13.0,0.0
422,pspcor.F90,2.0,2.0,1.0,40.0,9.0,18.0,13.0,1.0,0.0,1.0,1.0,81.0,13.0,20.0,12.0,7.0,50.0,18.0,11.0,7.0,2.0,2.0,1.0,1.0,2.50,2.0,2.0,1.0,0.0
423,xmpi_irecv.finc,1.0,1.0,1.0,35.0,8.0,14.0,12.0,3.0,0.0,3.0,3.0,216.0,31.0,44.0,21.0,3.0,141.0,24.0,21.0,3.0,1.0,1.0,1.0,0.0,3.20,3.0,3.0,3.0,0.0
424,setsym.F90,1.0,1.0,0.0,36.0,8.0,19.0,9.0,2.0,0.0,1.0,1.0,134.0,19.0,41.0,27.0,13.0,77.0,34.0,21.0,13.0,3.0,3.0,1.0,1.0,1.88,3.0,3.0,1.0,0.0
425,mka2fQgrid.F90,14.0,14.0,6.0,181.0,42.0,117.0,42.0,1.0,0.0,1.0,1.0,221.0,45.0,119.0,34.0,84.0,79.0,94.0,18.0,76.0,14.0,14.0,6.0,5.0,0.66,14.0,14.0,6.0,0.0
426,nonlinear.F90,23.0,23.0,0.0,279.0,36.0,220.0,24.0,2.0,0.0,1.0,1.0,622.0,76.0,442.0,152.0,289.0,110.0,295.0,69.0,226.0,46.0,46.0,1.0,7.0,0.25,46.0,46.0,1.0,0.0
427,anaddb.F90,70.0,67.0,1.0,970.0,178.0,610.0,199.0,1.0,0.0,1.0,1.0,1013.0,181.0,612.0,109.0,447.0,239.0,462.0,63.0,399.0,70.0,67.0,1.0,6.0,0.39,70.0,67.0,1.0,0.0
428,ioprof.F90,26.0,23.0,12.0,227.0,48.0,137.0,44.0,1.0,0.0,1.0,1.0,263.0,51.0,139.0,43.0,93.0,77.0,129.0,29.0,100.0,26.0,23.0,12.0,6.0,0.55,26.0,23.0,12.0,0.0
429,cgpr.F90,1.0,1.0,1.0,32.0,3.0,18.0,11.0,2.0,0.0,1.0,1.0,112.0,11.0,38.0,15.0,22.0,65.0,36.0,14.0,22.0,3.0,3.0,3.0,2.0,1.71,3.0,3.0,3.0,0.0
430,dummy_functions.inc,0.0,0.0,0.0,0.0,0.0,0.0,0.0,0.0,0.0,0.0,3.0,38.0,7.0,28.0,28.0,0.0,3.0,28.0,28.0,0.0,0.0,0.0,0.0,0.0,0.11,0.0,0.0,0.0,0.0
431,defs_abitypes.F90,0.0,0.0,0.0,0.0,0.0,0.0,0.0,0.0,1.0,1.0,0.0,1793.0,227.0,1101.0,1100.0,0.0,653.0,1099.0,1099.0,0.0,0.0,0.0,0.0,0.0,0.59,0.0,0.0,0.0,0.0
432,newocc.F90,20.0,20.0,3.0,182.0,23.0,125.0,37.0,2.0,0.0,1.0,1.0,423.0,50.0,253.0,48.0,204.0,131.0,198.0,27.0,171.0,40.0,40.0,7.0,5.0,0.52,40.0,40.0,7.0,0.0
433,mkradim.F90,2.0,2.0,1.0,31.0,8.0,12.0,11.0,1.0,0.0,1.0,1.0,71.0,12.0,14.0,9.0,4.0,47.0,12.0,8.0,4.0,2.0,2.0,1.0,1.0,3.36,2.0,2.0,1.0,0.0
434,mka2f_tr_lova.F90,29.0,29.0,8.0,304.0,46.0,224.0,71.0,2.0,0.0,1.0,1.0,664.0,95.0,451.0,94.0,356.0,196.0,391.0,51.0,340.0,58.0,58.0,17.0,8.0,0.43,58.0,58.0,17.0,0.0
435,paw_qpscgw.F90,5.0,5.0,1.0,160.0,23.0,101.0,39.0,1.0,0.0,1.0,1.0,222.0,26.0,103.0,55.0,47.0,98.0,94.0,49.0,45.0,5.0,5.0,1.0,2.0,0.95,5.0,5.0,1.0,0.0
436,ddb_diel.F90,25.0,25.0,0.0,199.0,24.0,131.0,45.0,2.0,0.0,1.0,1.0,469.0,53.0,265.0,36.0,228.0,157.0,213.0,25.0,188.0,51.0,51.0,1.0,5.0,0.59,51.0,51.0,1.0,0.0
437,mod_prc_memory.F90,2.0,2.0,1.0,22.0,6.0,9.0,7.0,2.0,1.0,1.0,2.0,129.0,28.0,32.0,24.0,7.0,73.0,26.0,19.0,7.0,3.0,3.0,1.0,1.0,2.28,5.0,5.0,2.0,0.0
438,mkgrid_fft.F90,5.0,5.0,1.0,54.0,11.0,34.0,10.0,1.0,0.0,1.0,1.0,89.0,13.0,35.0,14.0,20.0,43.0,34.0,14.0,20.0,5.0,5.0,1.0,4.0,1.23,5.0,5.0,1.0,0.0
439,entropyrec.F90,18.0,18.0,10.0,158.0,29.0,109.0,22.0,2.0,0.0,1.0,2.0,351.0,57.0,215.0,32.0,182.0,85.0,215.0,29.0,186.0,35.0,35.0,19.0,0.0,0.40,36.0,36.0,20.0,0.0
440,predict_steepest.F90,2.0,2.0,1.0,60.0,12.0,33.0,15.0,1.0,0.0,1.0,1.0,124.0,15.0,35.0,25.0,9.0,76.0,22.0,13.0,9.0,2.0,2.0,1.0,1.0,2.17,2.0,2.0,1.0,0.0
441,echo_xc_name.F90,36.0,4.0,1.0,160.0,16.0,132.0,14.0,1.0,0.0,1.0,1.0,197.0,19.0,134.0,13.0,120.0,48.0,130.0,11.0,119.0,36.0,4.0,1.0,2.0,0.36,36.0,4.0,1.0,0.0
442,integrate_gamma_alt.F90,15.0,15.0,4.0,154.0,29.0,103.0,27.0,2.0,0.0,1.0,1.0,354.0,63.0,208.0,74.0,133.0,96.0,167.0,47.0,120.0,31.0,31.0,9.0,8.0,0.46,31.0,31.0,9.0,0.0
443,occeig.F90,9.0,9.0,1.0,88.0,13.0,53.0,24.0,1.0,0.0,1.0,1.0,148.0,17.0,55.0,15.0,39.0,80.0,43.0,13.0,30.0,9.0,9.0,1.0,5.0,1.45,9.0,9.0,1.0,0.0
444,m_io_kss.F90,13.0,13.0,2.0,170.0,28.0,110.0,37.0,9.0,1.0,1.0,9.0,1983.0,291.0,1038.0,355.0,514.0,724.0,754.0,230.0,524.0,27.0,27.0,7.0,8.0,0.70,122.0,119.0,23.0,0.0
445,m_ingeo_img.F90,15.0,15.0,1.0,122.0,18.0,85.0,19.0,2.0,1.0,1.0,2.0,366.0,55.0,186.0,62.0,123.0,129.0,165.0,45.0,120.0,15.0,15.0,1.0,4.0,0.69,30.0,30.0,2.0,0.0
446,init_e_field_vars.F90,1.0,1.0,0.0,39.0,6.0,27.0,6.0,2.0,0.0,1.0,1.0,140.0,15.0,56.0,31.0,24.0,72.0,44.0,26.0,18.0,3.0,3.0,1.0,1.0,1.29,3.0,3.0,1.0,0.0
447,vgh_rho.F90,35.0,34.0,4.0,266.0,44.0,178.0,49.0,2.0,0.0,1.0,1.0,585.0,92.0,358.0,27.0,330.0,148.0,355.0,26.0,329.0,70.0,69.0,8.0,8.0,0.41,70.0,69.0,8.0,0.0
448,exc_build_block.F90,103.0,103.0,16.0,1202.0,141.0,801.0,332.0,2.0,0.0,1.0,2.0,2142.0,234.0,1376.0,337.0,929.0,646.0,1096.0,149.0,947.0,175.0,175.0,23.0,4.0,0.47,206.0,206.0,32.0,0.0
449,eig2stern.F90,32.0,32.0,7.0,220.0,29.0,157.0,44.0,2.0,0.0,1.0,1.0,540.0,63.0,316.0,86.0,229.0,184.0,295.0,52.0,243.0,65.0,65.0,15.0,13.0,0.58,65.0,65.0,15.0,0.0
450,predictimg.F90,6.0,3.0,0.0,55.0,13.0,34.0,8.0,2.0,0.0,1.0,1.0,182.0,31.0,70.0,28.0,41.0,83.0,60.0,25.0,35.0,12.0,7.0,1.0,3.0,1.19,12.0,7.0,1.0,0.0
451,ldau_self.F90,21.0,21.0,1.0,217.0,22.0,120.0,78.0,1.0,0.0,1.0,1.0,260.0,26.0,122.0,34.0,87.0,117.0,112.0,29.0,83.0,21.0,21.0,1.0,6.0,0.96,21.0,21.0,1.0,0.0
452,prt_cif.F90,10.0,10.0,0.0,67.0,11.0,44.0,12.0,3.0,0.0,2.0,2.0,268.0,40.0,135.0,48.0,86.0,95.0,144.0,45.0,99.0,17.0,17.0,1.0,3.0,0.70,31.0,31.0,2.0,0.0
453,m_numeric_tools.F90,4.0,3.0,1.0,41.0,8.0,20.0,11.0,82.0,1.0,1.0,87.0,5373.0,1020.0,1867.0,869.0,997.0,2593.0,1917.0,802.0,1115.0,35.0,29.0,29.0,4.0,1.39,345.0,325.0,138.0,0.0
454,eltxccore.F90,13.0,13.0,2.0,171.0,31.0,97.0,43.0,2.0,0.0,1.0,2.0,394.0,64.0,192.0,45.0,146.0,143.0,159.0,38.0,121.0,25.0,25.0,3.0,0.0,0.74,26.0,26.0,4.0,0.0
455,rchkgsheader.F90,3.0,3.0,1.0,55.0,12.0,27.0,16.0,1.0,0.0,1.0,1.0,95.0,15.0,29.0,17.0,11.0,53.0,22.0,13.0,9.0,3.0,3.0,1.0,1.0,1.83,3.0,3.0,1.0,0.0
456,metcon_so.F90,4.0,4.0,1.0,115.0,12.0,71.0,31.0,3.0,0.0,1.0,3.0,369.0,31.0,177.0,24.0,152.0,163.0,78.0,22.0,56.0,10.0,10.0,1.0,0.0,0.92,12.0,12.0,3.0,0.0
457,outbsd.F90,8.0,8.0,1.0,67.0,12.0,35.0,28.0,1.0,0.0,1.0,1.0,108.0,16.0,37.0,11.0,25.0,65.0,33.0,10.0,23.0,8.0,8.0,1.0,7.0,1.76,8.0,8.0,1.0,0.0
458,m_abi_linalg.F90,1.0,1.0,0.0,19.0,4.0,9.0,6.0,18.0,1.0,1.0,7.0,982.0,193.0,351.0,182.0,66.0,466.0,219.0,149.0,70.0,9.0,9.0,3.0,2.0,1.33,25.0,25.0,11.0,0.0
459,abi_xcopy.f90,1.0,1.0,1.0,28.0,6.0,13.0,9.0,9.0,0.0,9.0,9.0,399.0,76.0,118.0,86.0,32.0,207.0,124.0,86.0,38.0,3.0,3.0,1.0,1.0,1.75,15.0,15.0,9.0,0.0
460,abi_xtrsm.f90,3.0,3.0,1.0,49.0,8.0,25.0,16.0,4.0,0.0,4.0,4.0,286.0,46.0,101.0,45.0,34.0,141.0,81.0,43.0,38.0,4.0,4.0,1.0,2.0,1.40,12.0,12.0,4.0,0.0
461,abi_xheev.f90,2.0,2.0,1.0,53.0,9.0,28.0,16.0,6.0,0.0,6.0,6.0,430.0,73.0,172.0,81.0,31.0,194.0,115.0,77.0,38.0,12.0,12.0,1.0,2.0,1.13,17.0,17.0,6.0,0.0
462,abi_xhegv.f90,2.0,2.0,1.0,55.0,9.0,30.0,16.0,6.0,0.0,6.0,6.0,442.0,71.0,182.0,95.0,31.0,195.0,129.0,91.0,38.0,12.0,12.0,1.0,2.0,1.07,17.0,17.0,6.0,0.0
463,abi_xhpev.f90,2.0,2.0,1.0,36.0,8.0,19.0,10.0,7.0,0.0,7.0,7.0,388.0,77.0,134.0,89.0,24.0,182.0,116.0,86.0,30.0,5.0,5.0,1.0,1.0,1.36,14.0,14.0,7.0,0.0
464,abi_xhpgv.f90,2.0,2.0,1.0,38.0,8.0,21.0,10.0,7.0,0.0,7.0,7.0,384.0,69.0,149.0,104.0,24.0,174.0,130.0,100.0,30.0,5.0,5.0,1.0,1.0,1.17,14.0,14.0,7.0,0.0
465,abi_gpu_linalg.f90,2.0,2.0,1.0,29.0,6.0,14.0,8.0,9.0,0.0,9.0,9.0,570.0,82.0,132.0,60.0,25.0,361.0,93.0,57.0,36.0,4.0,4.0,1.0,2.0,2.73,18.0,18.0,9.0,0.0
466,chkorthsy.F90,17.0,17.0,3.0,139.0,21.0,77.0,42.0,1.0,0.0,1.0,1.0,182.0,25.0,79.0,18.0,60.0,81.0,61.0,15.0,46.0,17.0,17.0,3.0,5.0,1.03,17.0,17.0,3.0,0.0
467,m_atprj.F90,3.0,3.0,1.0,38.0,8.0,23.0,9.0,3.0,1.0,1.0,3.0,254.0,47.0,92.0,50.0,41.0,126.0,82.0,43.0,39.0,5.0,5.0,1.0,4.0,1.37,11.0,11.0,3.0,0.0
468,partial_dos_fractions_paw.F90,42.0,42.0,7.0,266.0,35.0,203.0,41.0,1.0,0.0,1.0,1.0,335.0,38.0,205.0,53.0,151.0,107.0,183.0,34.0,149.0,42.0,42.0,7.0,10.0,0.52,42.0,42.0,7.0,0.0
469,wfd_mkrho.F90,15.0,15.0,1.0,157.0,25.0,111.0,25.0,2.0,0.0,2.0,2.0,411.0,57.0,225.0,84.0,139.0,140.0,189.0,52.0,137.0,21.0,21.0,1.0,6.0,0.62,30.0,30.0,2.0,0.0
470,calcdensph.F90,31.0,31.0,7.0,304.0,35.0,221.0,60.0,1.0,0.0,1.0,1.0,356.0,38.0,223.0,36.0,186.0,109.0,215.0,33.0,182.0,31.0,31.0,7.0,6.0,0.49,31.0,31.0,7.0,0.0
471,mksupercell.F90,5.0,5.0,1.0,83.0,19.0,39.0,25.0,1.0,0.0,1.0,1.0,128.0,22.0,41.0,20.0,20.0,67.0,37.0,17.0,20.0,5.0,5.0,1.0,1.0,1.63,5.0,5.0,1.0,0.0
472,phase.F90,3.0,3.0,1.0,39.0,9.0,18.0,12.0,1.0,0.0,1.0,1.0,80.0,13.0,20.0,10.0,9.0,49.0,19.0,9.0,10.0,3.0,3.0,1.0,1.0,2.45,3.0,3.0,1.0,0.0
473,cg_rotate.F90,7.0,7.0,0.0,71.0,12.0,46.0,15.0,2.0,0.0,1.0,1.0,193.0,28.0,94.0,34.0,59.0,78.0,92.0,26.0,66.0,14.0,14.0,1.0,4.0,0.83,14.0,14.0,1.0,0.0
474,ptg_C6.F90,2.0,2.0,1.0,126.0,11.0,103.0,12.0,1.0,0.0,1.0,1.0,166.0,15.0,105.0,22.0,82.0,48.0,94.0,11.0,83.0,2.0,2.0,1.0,1.0,0.46,2.0,2.0,1.0,0.0
475,gwls_wf.F90,1.0,1.0,1.0,23.0,5.0,10.0,9.0,5.0,1.0,1.0,5.0,427.0,51.0,68.0,37.0,30.0,314.0,66.0,36.0,30.0,2.0,2.0,1.0,1.0,4.62,8.0,8.0,5.0,0.0
476,indefo1.F90,4.0,4.0,1.0,157.0,13.0,103.0,44.0,1.0,0.0,1.0,1.0,195.0,17.0,105.0,11.0,93.0,78.0,104.0,8.0,96.0,4.0,4.0,1.0,1.0,0.74,4.0,4.0,1.0,0.0
477,surf.F90,44.0,44.0,10.0,286.0,36.0,217.0,48.0,2.0,0.0,1.0,1.0,622.0,76.0,436.0,24.0,411.0,142.0,454.0,20.0,434.0,88.0,88.0,20.0,9.0,0.33,88.0,88.0,20.0,0.0
478,dfpt_nsteltwf.F90,17.0,17.0,3.0,196.0,32.0,126.0,40.0,1.0,0.0,1.0,1.0,269.0,36.0,128.0,63.0,64.0,109.0,104.0,38.0,66.0,17.0,17.0,3.0,6.0,0.85,17.0,17.0,3.0,0.0
479,m_ewald.F90,39.0,39.0,1.0,307.0,42.0,203.0,71.0,3.0,1.0,1.0,3.0,1098.0,143.0,625.0,91.0,533.0,364.0,560.0,69.0,491.0,73.0,73.0,3.0,12.0,0.58,118.0,118.0,5.0,0.0
480,wvl_psitohpsi.F90,2.0,2.0,1.0,133.0,17.0,72.0,46.0,1.0,0.0,1.0,1.0,173.0,21.0,74.0,26.0,3.0,82.0,22.0,20.0,2.0,2.0,2.0,1.0,1.0,1.11,2.0,2.0,1.0,0.0
481,symmetrize_rprimd.F90,3.0,3.0,0.0,40.0,7.0,23.0,9.0,2.0,0.0,1.0,1.0,126.0,18.0,49.0,18.0,30.0,61.0,39.0,16.0,23.0,6.0,6.0,1.0,3.0,1.24,6.0,6.0,1.0,0.0
482,mlwfovlp_ylmfar.F90,22.0,22.0,5.0,229.0,24.0,136.0,82.0,1.0,0.0,1.0,1.0,289.0,27.0,138.0,30.0,107.0,139.0,128.0,24.0,104.0,22.0,22.0,5.0,3.0,1.01,22.0,22.0,5.0,0.0
483,listkk.F90,40.0,40.0,15.0,348.0,53.0,176.0,124.0,1.0,0.0,1.0,1.0,423.0,57.0,178.0,35.0,142.0,195.0,178.0,25.0,153.0,40.0,40.0,15.0,9.0,1.10,40.0,40.0,15.0,0.0
484,mkkin.F90,16.0,14.0,1.0,123.0,12.0,88.0,26.0,1.0,0.0,1.0,1.0,188.0,16.0,90.0,17.0,72.0,87.0,79.0,16.0,63.0,16.0,14.0,1.0,4.0,0.97,16.0,14.0,1.0,0.0
485,testsusmat.F90,5.0,5.0,1.0,44.0,8.0,19.0,17.0,1.0,0.0,1.0,1.0,104.0,16.0,21.0,10.0,10.0,69.0,21.0,9.0,12.0,5.0,5.0,1.0,2.0,3.29,5.0,5.0,1.0,0.0
486,optics_vloc.F90,24.0,24.0,7.0,235.0,36.0,161.0,44.0,1.0,0.0,1.0,1.0,289.0,39.0,163.0,50.0,112.0,95.0,147.0,35.0,112.0,24.0,24.0,7.0,7.0,0.58,24.0,24.0,7.0,0.0
487,dfpt_mkvxcgga.F90,8.0,8.0,0.0,116.0,13.0,88.0,23.0,2.0,0.0,1.0,1.0,292.0,29.0,179.0,43.0,135.0,103.0,125.0,28.0,97.0,16.0,16.0,1.0,3.0,0.58,16.0,16.0,1.0,0.0
488,pred_isokinetic.F90,57.0,57.0,1.0,416.0,61.0,284.0,72.0,1.0,0.0,1.0,1.0,474.0,64.0,286.0,37.0,248.0,127.0,275.0,30.0,245.0,57.0,57.0,1.0,4.0,0.44,57.0,57.0,1.0,0.0
489,calc_sigx_me.F90,47.0,46.0,5.0,387.0,37.0,261.0,102.0,2.0,0.0,1.0,1.0,878.0,77.0,524.0,178.0,343.0,305.0,443.0,94.0,349.0,94.0,93.0,10.0,8.0,0.58,94.0,93.0,10.0,0.0
490,prtbltztrp_out.F90,18.0,18.0,1.0,193.0,37.0,136.0,39.0,1.0,0.0,1.0,1.0,242.0,41.0,138.0,30.0,107.0,84.0,123.0,22.0,101.0,18.0,18.0,1.0,4.0,0.61,18.0,18.0,1.0,0.0
491,read_gkk.F90,35.0,35.0,9.0,315.0,51.0,196.0,87.0,2.0,0.0,1.0,1.0,685.0,106.0,394.0,84.0,309.0,225.0,330.0,52.0,278.0,70.0,70.0,18.0,6.0,0.57,70.0,70.0,18.0,0.0
492,wvl_projectors_free.F90,2.0,2.0,1.0,64.0,11.0,33.0,20.0,1.0,0.0,1.0,1.0,102.0,15.0,35.0,10.0,1.0,54.0,10.0,8.0,2.0,2.0,2.0,1.0,1.0,1.54,2.0,2.0,1.0,0.0
493,brent.F90,8.0,8.0,2.0,72.0,3.0,59.0,10.0,2.0,0.0,1.0,1.0,191.0,11.0,120.0,16.0,103.0,62.0,121.0,15.0,106.0,17.0,17.0,5.0,5.0,0.52,17.0,17.0,5.0,0.0
494,chebfi.F90,9.0,9.0,2.0,144.0,21.0,95.0,29.0,4.0,0.0,3.0,3.0,727.0,94.0,384.0,119.0,261.0,258.0,319.0,79.0,240.0,32.0,32.0,4.0,3.0,0.67,38.0,38.0,9.0,0.0
495,ddb_compare.F90,21.0,21.0,1.0,172.0,16.0,90.0,65.0,3.0,0.0,1.0,3.0,530.0,38.0,246.0,49.0,196.0,248.0,222.0,38.0,184.0,61.0,61.0,1.0,1.0,1.01,65.0,65.0,3.0,0.0
496,getnel.F90,8.0,8.0,0.0,124.0,22.0,62.0,42.0,2.0,0.0,1.0,1.0,326.0,47.0,127.0,53.0,73.0,158.0,99.0,26.0,73.0,16.0,16.0,1.0,5.0,1.24,16.0,16.0,1.0,0.0
497,aim.F90,48.0,48.0,4.0,359.0,61.0,230.0,70.0,1.0,0.0,1.0,1.0,398.0,64.0,232.0,44.0,184.0,106.0,215.0,30.0,185.0,48.0,48.0,4.0,3.0,0.46,48.0,48.0,4.0,0.0
498,vdw_dftd3_data.F90,1.0,1.0,1.0,17424.0,15.0,17400.0,10.0,1.0,0.0,1.0,1.0,17473.0,19.0,17402.0,17.0,17384.0,55.0,1226.0,13.0,1213.0,1.0,1.0,1.0,0.0,0.00,1.0,1.0,1.0,0.0
499,m_pptools.F90,11.0,10.0,1.0,74.0,13.0,45.0,16.0,5.0,1.0,1.0,5.0,571.0,94.0,240.0,70.0,169.0,249.0,237.0,64.0,173.0,15.0,13.0,1.0,4.0,1.04,55.0,51.0,5.0,0.0
500,find_getdtset.F90,10.0,10.0,5.0,74.0,9.0,52.0,13.0,1.0,0.0,1.0,1.0,120.0,13.0,54.0,18.0,35.0,55.0,48.0,16.0,32.0,10.0,10.0,5.0,4.0,1.02,10.0,10.0,5.0,0.0
501,atomden.F90,40.0,40.0,6.0,362.0,31.0,268.0,77.0,1.0,0.0,1.0,1.0,443.0,34.0,270.0,61.0,208.0,155.0,237.0,34.0,203.0,40.0,40.0,6.0,7.0,0.57,40.0,40.0,6.0,0.0
502,mklocl_wavelets.F90,2.0,2.0,1.0,182.0,28.0,114.0,42.0,1.0,0.0,1.0,1.0,233.0,31.0,116.0,22.0,2.0,90.0,21.0,19.0,2.0,2.0,2.0,1.0,1.0,0.78,2.0,2.0,1.0,0.0
503,xclb.F90,4.0,4.0,1.0,58.0,17.0,26.0,15.0,1.0,0.0,1.0,1.0,113.0,21.0,28.0,13.0,14.0,66.0,26.0,12.0,14.0,4.0,4.0,1.0,2.0,2.36,4.0,4.0,1.0,0.0
504,mkqptequiv.F90,11.0,11.0,1.0,109.0,25.0,68.0,20.0,1.0,0.0,1.0,1.0,157.0,28.0,70.0,24.0,45.0,65.0,62.0,19.0,43.0,11.0,11.0,1.0,3.0,0.93,11.0,11.0,1.0,0.0
505,ddkten.F90,20.0,20.0,1.0,130.0,17.0,86.0,27.0,1.0,0.0,1.0,1.0,185.0,21.0,88.0,11.0,76.0,78.0,92.0,9.0,83.0,20.0,20.0,1.0,3.0,0.89,20.0,20.0,1.0,0.0
506,make_grad_berry.F90,23.0,23.0,3.0,290.0,32.0,204.0,64.0,1.0,0.0,1.0,1.0,361.0,35.0,206.0,71.0,134.0,132.0,158.0,40.0,118.0,23.0,23.0,3.0,7.0,0.64,23.0,23.0,3.0,0.0
507,exc_den.F90,31.0,31.0,7.0,237.0,37.0,162.0,39.0,1.0,0.0,1.0,1.0,273.0,40.0,164.0,47.0,116.0,72.0,147.0,29.0,118.0,31.0,31.0,7.0,3.0,0.44,31.0,31.0,7.0,0.0
508,prep_nonlop.F90,23.0,23.0,0.0,137.0,18.0,102.0,19.0,2.0,0.0,1.0,1.0,365.0,40.0,206.0,65.0,140.0,127.0,175.0,33.0,142.0,46.0,46.0,1.0,4.0,0.62,46.0,46.0,1.0,0.0
509,j0y0.F90,4.0,4.0,1.0,93.0,1.0,41.0,50.0,5.0,0.0,3.0,3.0,474.0,9.0,210.0,92.0,117.0,257.0,156.0,37.0,119.0,21.0,21.0,6.0,2.0,1.22,23.0,23.0,8.0,0.0
510,symcharac.F90,14.0,13.0,4.0,81.0,12.0,56.0,20.0,2.0,0.0,1.0,1.0,206.0,28.0,114.0,18.0,95.0,81.0,118.0,17.0,101.0,29.0,26.0,9.0,3.0,0.71,29.0,26.0,9.0,0.0
511,d2c_wtq.F90,158.0,158.0,1.0,412.0,35.0,363.0,17.0,1.0,0.0,1.0,1.0,450.0,38.0,365.0,20.0,344.0,52.0,465.0,16.0,449.0,158.0,158.0,1.0,7.0,0.14,158.0,158.0,1.0,0.0
512,timab.F90,5.0,3.0,1.0,73.0,10.0,43.0,21.0,2.0,0.0,1.0,1.0,217.0,19.0,81.0,16.0,34.0,121.0,48.0,13.0,35.0,10.0,6.0,2.0,2.0,1.49,10.0,6.0,2.0,0.0
513,gwls_GenerateEpsilon.F90,6.0,6.0,1.0,207.0,65.0,125.0,42.0,3.0,1.0,1.0,5.0,775.0,216.0,404.0,174.0,229.0,235.0,325.0,115.0,210.0,8.0,8.0,1.0,4.0,0.58,18.0,18.0,3.0,0.0
514,setup_bse_interp.F90,26.0,24.0,1.0,302.0,53.0,226.0,28.0,1.0,0.0,1.0,1.0,358.0,56.0,228.0,93.0,134.0,81.0,187.0,58.0,129.0,26.0,24.0,1.0,4.0,0.36,26.0,24.0,1.0,0.0
515,acrossb.F90,1.0,1.0,1.0,26.0,8.0,9.0,9.0,1.0,0.0,1.0,1.0,63.0,12.0,11.0,7.0,3.0,42.0,9.0,6.0,3.0,1.0,1.0,1.0,0.0,3.82,1.0,1.0,1.0,0.0
516,m_oscillators.F90,11.0,10.0,1.0,93.0,15.0,56.0,25.0,7.0,1.0,1.0,7.0,961.0,140.0,413.0,138.0,267.0,440.0,386.0,101.0,285.0,32.0,31.0,1.0,5.0,1.07,80.0,73.0,7.0,0.0
517,defs_aimfields.F90,0.0,0.0,0.0,0.0,0.0,0.0,0.0,0.0,1.0,1.0,0.0,50.0,5.0,15.0,14.0,0.0,31.0,11.0,11.0,0.0,0.0,0.0,0.0,0.0,2.07,0.0,0.0,0.0,0.0
518,m_psps.F90,9.0,9.0,1.0,80.0,13.0,49.0,17.0,14.0,1.0,1.0,14.0,1516.0,229.0,719.0,222.0,422.0,585.0,560.0,137.0,423.0,43.0,43.0,8.0,4.0,0.81,137.0,134.0,26.0,0.0
519,xfh_recover_deloc.F90,2.0,2.0,0.0,87.0,12.0,39.0,35.0,2.0,0.0,1.0,1.0,215.0,29.0,81.0,38.0,42.0,108.0,64.0,34.0,30.0,4.0,4.0,1.0,3.0,1.33,4.0,4.0,1.0,0.0
520,dfpt_ewald.F90,48.0,48.0,1.0,268.0,23.0,208.0,41.0,1.0,0.0,1.0,1.0,325.0,27.0,210.0,34.0,175.0,94.0,207.0,30.0,177.0,48.0,48.0,1.0,9.0,0.45,48.0,48.0,1.0,0.0
521,prec_simple.F90,32.0,32.0,1.0,315.0,63.0,206.0,49.0,1.0,0.0,1.0,1.0,361.0,66.0,208.0,52.0,155.0,92.0,176.0,32.0,144.0,32.0,32.0,1.0,5.0,0.44,32.0,32.0,1.0,0.0
522,ptg_D6.F90,2.0,2.0,1.0,168.0,11.0,145.0,12.0,1.0,0.0,1.0,1.0,208.0,15.0,147.0,22.0,124.0,48.0,136.0,11.0,125.0,2.0,2.0,1.0,1.0,0.33,2.0,2.0,1.0,0.0
523,printbxsf.F90,26.0,26.0,4.0,221.0,35.0,162.0,42.0,1.0,0.0,1.0,1.0,270.0,38.0,164.0,37.0,126.0,88.0,146.0,24.0,122.0,26.0,26.0,4.0,4.0,0.54,26.0,26.0,4.0,0.0
524,m_pawtab.F90,24.0,24.0,1.0,330.0,38.0,226.0,75.0,15.0,0.0,1.0,15.0,2880.0,371.0,1762.0,222.0,1383.0,826.0,2070.0,219.0,1851.0,263.0,263.0,1.0,5.0,0.47,373.0,373.0,15.0,0.0
525,dfpt_nstdy.F90,31.0,31.0,2.0,277.0,34.0,187.0,59.0,2.0,0.0,1.0,1.0,652.0,72.0,377.0,116.0,256.0,213.0,319.0,71.0,248.0,63.0,63.0,4.0,6.0,0.56,63.0,63.0,4.0,0.0
526,psolver_kernel.F90,2.0,2.0,1.0,167.0,23.0,104.0,46.0,1.0,0.0,1.0,1.0,215.0,26.0,106.0,15.0,1.0,91.0,14.0,12.0,2.0,2.0,2.0,1.0,1.0,0.86,2.0,2.0,1.0,0.0
527,dens_in_sph.F90,9.0,9.0,1.0,189.0,30.0,116.0,43.0,1.0,0.0,1.0,1.0,238.0,33.0,118.0,52.0,65.0,89.0,87.0,28.0,59.0,9.0,9.0,1.0,3.0,0.75,9.0,9.0,1.0,0.0
528,m_crystal.F90,5.0,5.0,1.0,54.0,10.0,30.0,12.0,9.0,1.0,1.0,9.0,886.0,169.0,329.0,173.0,155.0,402.0,295.0,127.0,168.0,16.0,16.0,3.0,3.0,1.22,49.0,49.0,11.0,0.0
529,contistr01.F90,12.0,12.0,1.0,1694.0,12.0,1652.0,30.0,1.0,0.0,1.0,1.0,1747.0,15.0,1654.0,16.0,1637.0,80.0,914.0,13.0,901.0,12.0,12.0,1.0,2.0,0.05,12.0,12.0,1.0,0.0
530,dyson.F90,8.0,8.0,1.0,109.0,17.0,60.0,32.0,1.0,0.0,1.0,1.0,157.0,21.0,62.0,27.0,34.0,76.0,56.0,23.0,33.0,8.0,8.0,1.0,3.0,1.23,8.0,8.0,1.0,0.0
531,integvol.F90,12.0,12.0,1.0,96.0,18.0,68.0,10.0,1.0,0.0,1.0,1.0,138.0,21.0,70.0,20.0,49.0,49.0,66.0,17.0,49.0,12.0,12.0,1.0,4.0,0.70,12.0,12.0,1.0,0.0
532,elph2_fanddw.F90,29.0,29.0,1.0,205.0,26.0,136.0,51.0,1.0,0.0,1.0,1.0,254.0,31.0,138.0,28.0,109.0,95.0,122.0,24.0,98.0,29.0,29.0,1.0,9.0,0.69,29.0,29.0,1.0,0.0
533,prtrhomxmn.F90,121.0,118.0,5.0,620.0,73.0,467.0,102.0,1.0,0.0,1.0,1.0,673.0,76.0,469.0,44.0,424.0,152.0,464.0,28.0,436.0,121.0,118.0,5.0,8.0,0.32,121.0,118.0,5.0,0.0
534,alloc_hamilt_gpu.F90,3.0,3.0,1.0,65.0,9.0,35.0,20.0,2.0,0.0,2.0,2.0,214.0,26.0,73.0,21.0,8.0,117.0,30.0,20.0,10.0,3.0,3.0,1.0,1.0,1.60,6.0,6.0,2.0,0.0
535,nonlop.F90,35.0,35.0,0.0,220.0,12.0,187.0,28.0,2.0,0.0,1.0,1.0,699.0,29.0,376.0,90.0,285.0,311.0,354.0,39.0,315.0,71.0,71.0,1.0,4.0,0.83,71.0,71.0,1.0,0.0
536,calc_rpa_functional.F90,19.0,19.0,5.0,172.0,37.0,116.0,31.0,1.0,0.0,1.0,1.0,216.0,40.0,118.0,51.0,66.0,72.0,97.0,32.0,65.0,19.0,19.0,5.0,5.0,0.61,19.0,19.0,5.0,0.0
537,m_Ctqmc.F90,7.0,7.0,1.0,68.0,9.0,42.0,17.0,34.0,1.0,1.0,34.0,3796.0,472.0,1563.0,440.0,1012.0,1807.0,1536.0,439.0,1097.0,36.0,36.0,6.0,5.0,1.16,259.0,259.0,43.0,0.0
538,isotemp.F90,19.0,19.0,1.0,172.0,12.0,118.0,42.0,3.0,0.0,3.0,3.0,665.0,50.0,360.0,80.0,277.0,261.0,343.0,59.0,284.0,35.0,35.0,1.0,3.0,0.72,58.0,58.0,3.0,0.0
539,dfpt_eltfrxc.F90,28.0,28.0,0.0,256.0,34.0,186.0,39.0,2.0,0.0,1.0,1.0,596.0,71.0,374.0,107.0,266.0,159.0,321.0,55.0,266.0,56.0,56.0,1.0,7.0,0.43,56.0,56.0,1.0,0.0
540,initaim.F90,21.0,21.0,2.0,185.0,27.0,130.0,30.0,2.0,0.0,1.0,1.0,425.0,57.0,263.0,64.0,194.0,112.0,233.0,26.0,207.0,43.0,43.0,4.0,4.0,0.43,43.0,43.0,4.0,0.0
541,m_exc_diago.F90,16.0,16.0,2.0,277.0,52.0,170.0,58.0,5.0,1.0,1.0,5.0,1627.0,291.0,887.0,211.0,396.0,474.0,536.0,125.0,411.0,20.0,20.0,7.0,4.0,0.53,82.0,81.0,11.0,0.0
542,init_bess_spl.F90,4.0,4.0,1.0,99.0,17.0,39.0,43.0,1.0,0.0,1.0,1.0,141.0,20.0,41.0,22.0,18.0,82.0,32.0,16.0,16.0,4.0,4.0,1.0,1.0,2.00,4.0,4.0,1.0,0.0
543,pred_steepdesc.F90,11.0,11.0,0.0,83.0,15.0,43.0,28.0,2.0,0.0,1.0,1.0,240.0,34.0,88.0,28.0,59.0,126.0,95.0,27.0,68.0,22.0,22.0,1.0,5.0,1.43,22.0,22.0,1.0,0.0
544,m_atom.F90,11.0,11.0,3.0,108.0,20.0,62.0,27.0,6.0,1.0,1.0,6.0,1016.0,184.0,425.0,176.0,248.0,421.0,363.0,121.0,242.0,32.0,32.0,18.0,3.0,0.99,70.0,67.0,23.0,0.0
545,outvar_a_h.F90,37.0,37.0,0.0,507.0,114.0,355.0,52.0,2.0,0.0,1.0,1.0,1093.0,232.0,712.0,42.0,669.0,180.0,677.0,27.0,650.0,75.0,75.0,1.0,5.0,0.25,75.0,75.0,1.0,0.0
546,psp11nl.F90,9.0,9.0,1.0,106.0,15.0,73.0,23.0,1.0,0.0,1.0,1.0,159.0,18.0,75.0,32.0,42.0,73.0,66.0,24.0,42.0,9.0,9.0,1.0,3.0,0.97,9.0,9.0,1.0,0.0
547,initmpi_world.F90,3.0,3.0,1.0,51.0,13.0,28.0,10.0,1.0,0.0,1.0,1.0,93.0,16.0,30.0,18.0,11.0,49.0,25.0,13.0,12.0,3.0,3.0,1.0,1.0,1.63,3.0,3.0,1.0,0.0
548,thmeig.F90,28.0,28.0,6.0,457.0,74.0,273.0,136.0,3.0,0.0,1.0,3.0,1256.0,202.0,722.0,206.0,515.0,394.0,579.0,104.0,475.0,71.0,71.0,18.0,3.0,0.55,86.0,86.0,20.0,0.0
549,gpp1cc.F90,5.0,5.0,1.0,119.0,9.0,96.0,14.0,1.0,0.0,1.0,1.0,156.0,13.0,98.0,21.0,76.0,47.0,85.0,20.0,65.0,5.0,5.0,1.0,1.0,0.48,5.0,5.0,1.0,0.0
550,elpolariz.F90,33.0,25.0,1.0,291.0,50.0,207.0,52.0,1.0,0.0,1.0,1.0,377.0,54.0,209.0,47.0,161.0,134.0,167.0,38.0,129.0,33.0,25.0,1.0,8.0,0.64,33.0,25.0,1.0,0.0
551,psp10nl.F90,36.0,36.0,1.0,232.0,31.0,181.0,24.0,1.0,0.0,1.0,1.0,280.0,34.0,183.0,30.0,152.0,69.0,136.0,17.0,119.0,36.0,36.0,1.0,6.0,0.38,36.0,36.0,1.0,0.0
552,chkint.F90,3.0,3.0,0.0,27.0,5.0,14.0,7.0,2.0,0.0,1.0,1.0,138.0,15.0,31.0,16.0,14.0,95.0,28.0,13.0,15.0,7.0,7.0,1.0,3.0,3.06,7.0,7.0,1.0,0.0
553,xmpi_ialltoall.finc,1.0,1.0,1.0,39.0,8.0,17.0,14.0,1.0,0.0,1.0,1.0,79.0,11.0,17.0,8.0,2.0,51.0,10.0,8.0,2.0,1.0,1.0,1.0,0.0,3.00,1.0,1.0,1.0,0.0
554,newrho.F90,40.0,40.0,0.0,233.0,18.0,198.0,19.0,2.0,0.0,1.0,1.0,595.0,40.0,398.0,95.0,301.0,163.0,350.0,60.0,290.0,81.0,81.0,1.0,6.0,0.41,81.0,81.0,1.0,0.0
555,ptg_D2h.F90,2.0,2.0,1.0,172.0,13.0,147.0,12.0,1.0,0.0,1.0,1.0,212.0,17.0,149.0,24.0,124.0,48.0,136.0,11.0,125.0,2.0,2.0,1.0,1.0,0.32,2.0,2.0,1.0,0.0
556,outqmc.F90,20.0,13.0,2.0,138.0,14.0,102.0,25.0,4.0,0.0,3.0,3.0,643.0,64.0,413.0,63.0,349.0,186.0,401.0,51.0,350.0,73.0,44.0,6.0,4.0,0.45,82.0,53.0,11.0,0.0
557,stress.F90,22.0,22.0,0.0,241.0,24.0,159.0,60.0,2.0,0.0,1.0,1.0,607.0,51.0,321.0,77.0,243.0,242.0,282.0,55.0,227.0,45.0,45.0,1.0,4.0,0.75,45.0,45.0,1.0,0.0
558,xchelu.F90,5.0,5.0,1.0,77.0,8.0,43.0,27.0,1.0,0.0,1.0,1.0,122.0,12.0,45.0,16.0,28.0,68.0,38.0,14.0,24.0,5.0,5.0,1.0,2.0,1.51,5.0,5.0,1.0,0.0
559,extrapwf.F90,55.0,55.0,12.0,592.0,58.0,410.0,128.0,1.0,0.0,1.0,1.0,657.0,61.0,412.0,111.0,300.0,190.0,310.0,42.0,268.0,55.0,55.0,12.0,10.0,0.46,55.0,55.0,12.0,0.0
560,m_rf2.F90,9.0,7.0,1.0,85.0,13.0,54.0,19.0,4.0,1.0,1.0,4.0,556.0,86.0,243.0,92.0,150.0,245.0,225.0,77.0,148.0,13.0,13.0,1.0,4.0,1.01,37.0,28.0,4.0,0.0
561,get_full_kgrid.F90,3.0,3.0,0.0,40.0,9.0,22.0,10.0,2.0,0.0,1.0,1.0,130.0,22.0,47.0,24.0,22.0,67.0,42.0,21.0,21.0,7.0,7.0,1.0,4.0,1.43,7.0,7.0,1.0,0.0
562,ptg_C2h.F90,2.0,2.0,1.0,88.0,9.0,67.0,12.0,1.0,0.0,1.0,1.0,128.0,13.0,69.0,20.0,48.0,48.0,60.0,11.0,49.0,2.0,2.0,1.0,1.0,0.70,2.0,2.0,1.0,0.0
563,dos_hdr_write.F90,10.0,10.0,1.0,130.0,21.0,87.0,51.0,1.0,0.0,1.0,1.0,189.0,25.0,89.0,17.0,71.0,106.0,64.0,14.0,50.0,10.0,10.0,1.0,2.0,1.19,10.0,10.0,1.0,0.0
564,m_paw_an.F90,26.0,26.0,2.0,324.0,30.0,238.0,59.0,11.0,0.0,1.0,11.0,1938.0,184.0,1313.0,135.0,1046.0,462.0,1450.0,128.0,1322.0,99.0,99.0,12.0,9.0,0.35,293.0,293.0,22.0,0.0
565,plint.F90,4.0,4.0,0.0,41.0,5.0,30.0,5.0,2.0,0.0,1.0,1.0,125.0,14.0,63.0,16.0,46.0,50.0,59.0,13.0,46.0,9.0,9.0,1.0,4.0,0.79,9.0,9.0,1.0,0.0
566,m_energies.F90,5.0,5.0,1.0,61.0,9.0,39.0,12.0,5.0,1.0,1.0,5.0,616.0,107.0,248.0,79.0,152.0,265.0,241.0,77.0,164.0,20.0,20.0,1.0,2.0,1.07,26.0,26.0,5.0,0.0
567,ddb_piezo.F90,121.0,121.0,1.0,766.0,70.0,514.0,183.0,1.0,0.0,1.0,1.0,825.0,74.0,516.0,31.0,484.0,238.0,429.0,30.0,399.0,121.0,121.0,1.0,4.0,0.46,121.0,121.0,1.0,0.0
568,m_pawrhoij.F90,36.0,35.0,2.0,394.0,35.0,294.0,72.0,18.0,0.0,3.0,18.0,4043.0,377.0,2764.0,269.0,2209.0,976.0,2997.0,258.0,2739.0,197.0,197.0,12.0,9.0,0.35,649.0,645.0,48.0,0.0
569,gamma_function.F90,9.0,9.0,1.0,128.0,17.0,57.0,54.0,1.0,0.0,1.0,1.0,165.0,21.0,59.0,10.0,45.0,87.0,44.0,9.0,35.0,9.0,9.0,1.0,3.0,1.47,9.0,9.0,1.0,0.0
570,m_gwls_utility.F90,3.0,3.0,1.0,84.0,20.0,40.0,36.0,4.0,1.0,1.0,5.0,486.0,102.0,184.0,81.0,102.0,257.0,133.0,70.0,63.0,8.0,8.0,1.0,2.0,1.40,13.0,13.0,4.0,0.0
571,dfptnl_resp.F90,15.0,15.0,4.0,279.0,56.0,186.0,43.0,1.0,0.0,1.0,1.0,351.0,60.0,188.0,73.0,114.0,111.0,167.0,45.0,122.0,15.0,15.0,4.0,5.0,0.59,15.0,15.0,4.0,0.0
572,get_nv_fs_temp.F90,2.0,2.0,0.0,56.0,12.0,25.0,21.0,2.0,0.0,1.0,1.0,168.0,27.0,53.0,24.0,28.0,94.0,46.0,21.0,25.0,4.0,4.0,1.0,2.0,1.77,4.0,4.0,1.0,0.0
573,dfpt_prtene.F90,43.0,43.0,1.0,290.0,24.0,252.0,15.0,1.0,0.0,1.0,1.0,360.0,28.0,254.0,23.0,230.0,81.0,230.0,16.0,214.0,43.0,43.0,1.0,3.0,0.32,43.0,43.0,1.0,0.0
574,get_veloc_tr.F90,5.0,5.0,1.0,63.0,15.0,31.0,18.0,1.0,0.0,1.0,1.0,109.0,19.0,33.0,15.0,17.0,60.0,29.0,13.0,16.0,5.0,5.0,1.0,4.0,1.82,5.0,5.0,1.0,0.0
575,instrng.F90,14.0,14.0,2.0,133.0,16.0,89.0,31.0,2.0,0.0,1.0,1.0,315.0,36.0,180.0,38.0,141.0,106.0,138.0,22.0,116.0,29.0,29.0,5.0,6.0,0.59,29.0,29.0,5.0,0.0
576,getph.F90,7.0,7.0,1.0,70.0,15.0,41.0,15.0,1.0,0.0,1.0,1.0,118.0,19.0,43.0,15.0,27.0,59.0,41.0,13.0,28.0,7.0,7.0,1.0,2.0,1.37,7.0,7.0,1.0,0.0
577,phim.F90,8.0,8.0,1.0,35.0,8.0,18.0,9.0,1.0,0.0,1.0,1.0,81.0,13.0,20.0,8.0,11.0,50.0,21.0,7.0,14.0,8.0,8.0,1.0,1.0,2.50,8.0,8.0,1.0,0.0
578,bethe_salpeter.F90,27.0,26.0,0.0,464.0,66.0,298.0,117.0,2.0,0.0,1.0,1.0,1021.0,136.0,599.0,240.0,349.0,325.0,477.0,133.0,344.0,54.0,52.0,1.0,4.0,0.54,54.0,52.0,1.0,0.0
579,opernl4b.F90,37.0,28.0,0.0,339.0,46.0,259.0,35.0,2.0,0.0,1.0,1.0,769.0,96.0,520.0,41.0,478.0,158.0,755.0,26.0,729.0,74.0,56.0,1.0,8.0,0.30,74.0,56.0,1.0,0.0
580,libtetra.h,0.0,0.0,0.0,0.0,0.0,0.0,0.0,0.0,0.0,0.0,0.0,21.0,4.0,2.0,0.0,0.0,17.0,0.0,0.0,0.0,0.0,0.0,0.0,0.0,8.50,0.0,0.0,0.0,0.0
581,ioniondist.F90,8.0,8.0,0.0,60.0,10.0,41.0,9.0,2.0,0.0,1.0,1.0,162.0,24.0,85.0,21.0,63.0,57.0,84.0,20.0,64.0,17.0,17.0,1.0,4.0,0.67,17.0,17.0,1.0,0.0
582,symrhg.F90,11.0,11.0,3.0,105.0,14.0,71.0,26.0,4.0,0.0,1.0,2.0,475.0,59.0,284.0,66.0,217.0,163.0,296.0,37.0,259.0,43.0,43.0,13.0,0.0,0.57,44.0,44.0,14.0,0.0
583,pawnabla_init.F90,5.0,5.0,0.0,70.0,11.0,48.0,13.0,2.0,0.0,1.0,1.0,195.0,26.0,98.0,37.0,60.0,76.0,65.0,19.0,46.0,10.0,10.0,1.0,3.0,0.78,10.0,10.0,1.0,0.0
584,hubbard_one.F90,20.0,20.0,0.0,314.0,21.0,186.0,118.0,4.0,0.0,1.0,3.0,851.0,62.0,452.0,130.0,321.0,367.0,385.0,86.0,299.0,49.0,49.0,1.0,7.0,0.81,80.0,80.0,3.0,0.0
585,mklocl_realspace.F90,5.0,5.0,0.0,95.0,13.0,59.0,23.0,13.0,0.0,4.0,6.0,1301.0,171.0,748.0,159.0,388.0,398.0,479.0,123.0,356.0,54.0,54.0,1.0,8.0,0.53,75.0,75.0,6.0,0.0
586,gstate.F90,51.0,51.0,0.0,561.0,81.0,357.0,129.0,3.0,0.0,1.0,2.0,1713.0,229.0,1035.0,242.0,724.0,467.0,771.0,139.0,632.0,147.0,147.0,1.0,3.0,0.45,153.0,153.0,2.0,0.0
587,m_phonon_supercell.F90,6.0,6.0,1.0,62.0,9.0,40.0,16.0,4.0,1.0,1.0,4.0,424.0,58.0,187.0,82.0,104.0,203.0,168.0,69.0,99.0,9.0,9.0,4.0,4.0,1.09,24.0,24.0,7.0,0.0
588,relaxpol.F90,82.0,82.0,1.0,582.0,83.0,422.0,88.0,1.0,0.0,1.0,1.0,656.0,87.0,424.0,65.0,358.0,158.0,376.0,33.0,343.0,82.0,82.0,1.0,8.0,0.37,82.0,82.0,1.0,0.0
589,m_fftw3.F90,2.0,2.0,1.0,113.0,21.0,64.0,29.0,46.0,1.0,1.0,46.0,8120.0,1345.0,3322.0,630.0,205.0,3575.0,651.0,437.0,214.0,32.0,26.0,1.0,5.0,1.08,103.0,93.0,46.0,0.0
590,harmonic_thermo.F90,133.0,133.0,27.0,908.0,131.0,691.0,106.0,1.0,0.0,1.0,1.0,964.0,135.0,693.0,119.0,573.0,158.0,562.0,50.0,512.0,133.0,133.0,27.0,9.0,0.23,133.0,133.0,27.0,0.0
591,vn_nl_rec.F90,6.0,6.0,3.0,78.0,14.0,48.0,18.0,1.0,0.0,1.0,1.0,126.0,18.0,50.0,25.0,24.0,62.0,48.0,23.0,25.0,6.0,6.0,3.0,4.0,1.24,6.0,6.0,3.0,0.0
592,wvl_denspot_free.F90,2.0,2.0,1.0,78.0,9.0,52.0,17.0,1.0,0.0,1.0,1.0,118.0,12.0,54.0,10.0,1.0,54.0,10.0,8.0,2.0,2.0,2.0,1.0,1.0,1.00,2.0,2.0,1.0,0.0
593,alignph.F90,31.0,31.0,1.0,276.0,28.0,189.0,60.0,1.0,0.0,1.0,1.0,334.0,32.0,191.0,27.0,163.0,114.0,174.0,14.0,160.0,31.0,31.0,1.0,5.0,0.60,31.0,31.0,1.0,0.0
594,m_defs_ptgroups.F90,0.0,0.0,0.0,0.0,0.0,0.0,0.0,0.0,1.0,1.0,0.0,227.0,47.0,69.0,68.0,0.0,113.0,35.0,35.0,0.0,0.0,0.0,0.0,0.0,1.64,0.0,0.0,0.0,0.0
595,m_pseudo_pwscf.F90,0.0,0.0,0.0,0.0,0.0,0.0,0.0,0.0,1.0,1.0,0.0,79.0,4.0,28.0,27.0,0.0,48.0,26.0,26.0,0.0,0.0,0.0,0.0,0.0,1.71,0.0,0.0,0.0,0.0
596,surpla.F90,1.0,1.0,1.0,18.0,4.0,8.0,6.0,1.0,0.0,1.0,1.0,28.0,7.0,9.0,4.0,4.0,13.0,6.0,4.0,2.0,1.0,1.0,1.0,0.0,1.44,1.0,1.0,1.0,0.0
597,gwls_hamiltonian.F90,6.0,6.0,1.0,86.0,20.0,39.0,30.0,19.0,1.0,1.0,19.0,2412.0,459.0,879.0,400.0,478.0,1188.0,760.0,286.0,474.0,38.0,38.0,1.0,4.0,1.35,116.0,116.0,19.0,0.0
598,m_abi2big.F90,2.0,2.0,1.0,55.0,11.0,28.0,16.0,14.0,1.0,1.0,14.0,1266.0,212.0,432.0,139.0,14.0,648.0,136.0,108.0,28.0,2.0,2.0,1.0,1.0,1.50,28.0,28.0,14.0,0.0
599,newkpt.F90,73.0,73.0,5.0,492.0,75.0,340.0,82.0,1.0,0.0,1.0,1.0,632.0,78.0,342.0,70.0,271.0,219.0,296.0,46.0,250.0,73.0,73.0,5.0,8.0,0.64,73.0,73.0,5.0,0.0
600,smallprim.F90,12.0,12.0,2.0,111.0,16.0,58.0,37.0,2.0,0.0,1.0,1.0,271.0,36.0,118.0,19.0,98.0,119.0,121.0,15.0,106.0,25.0,25.0,5.0,3.0,1.01,25.0,25.0,5.0,0.0
601,ptg_D3h.F90,2.0,2.0,1.0,168.0,11.0,145.0,12.0,1.0,0.0,1.0,1.0,208.0,15.0,147.0,22.0,124.0,48.0,136.0,11.0,125.0,2.0,2.0,1.0,1.0,0.33,2.0,2.0,1.0,0.0
602,prttagm_images.F90,14.0,14.0,0.0,95.0,12.0,63.0,19.0,2.0,0.0,1.0,1.0,226.0,29.0,129.0,39.0,79.0,70.0,106.0,32.0,74.0,28.0,28.0,1.0,7.0,0.54,28.0,28.0,1.0,0.0
603,m_eig2d.F90,1.0,1.0,1.0,37.0,8.0,16.0,12.0,12.0,1.0,1.0,12.0,798.0,153.0,224.0,116.0,25.0,446.0,125.0,100.0,25.0,2.0,2.0,1.0,1.0,1.99,15.0,15.0,12.0,0.0
604,contstr21.F90,13.0,13.0,1.0,5765.0,14.0,5729.0,22.0,1.0,0.0,1.0,1.0,5819.0,17.0,5731.0,17.0,5713.0,73.0,654.0,14.0,640.0,13.0,13.0,1.0,2.0,0.01,13.0,13.0,1.0,0.0
605,m_args_gs.F90,1.0,1.0,1.0,27.0,8.0,9.0,10.0,2.0,1.0,1.0,2.0,200.0,42.0,38.0,27.0,10.0,122.0,36.0,26.0,10.0,1.0,1.0,1.0,0.0,3.21,2.0,2.0,2.0,0.0
606,ptg_C3h.F90,2.0,2.0,1.0,126.0,11.0,103.0,12.0,1.0,0.0,1.0,1.0,166.0,15.0,105.0,22.0,82.0,48.0,94.0,11.0,83.0,2.0,2.0,1.0,1.0,0.46,2.0,2.0,1.0,0.0
607,leave_new.F90,6.0,6.0,2.0,57.0,14.0,32.0,11.0,1.0,0.0,1.0,1.0,94.0,16.0,28.0,12.0,15.0,52.0,28.0,11.0,17.0,6.0,6.0,2.0,1.0,1.86,6.0,6.0,2.0,0.0
608,read_upf_pwscf.F90,4.0,4.0,3.0,28.0,3.0,17.0,8.0,13.0,0.0,10.0,10.0,436.0,50.0,222.0,81.0,140.0,166.0,220.0,81.0,139.0,23.0,23.0,19.0,4.0,0.75,58.0,58.0,46.0,0.0
609,dfpt_mkvxcstrgga.F90,12.0,12.0,1.0,182.0,27.0,106.0,55.0,1.0,0.0,1.0,1.0,236.0,31.0,108.0,34.0,73.0,105.0,80.0,20.0,60.0,12.0,12.0,1.0,3.0,0.97,12.0,12.0,1.0,0.0
610,ramansus.F90,28.0,28.0,1.0,180.0,24.0,131.0,32.0,1.0,0.0,1.0,1.0,233.0,28.0,133.0,27.0,105.0,81.0,116.0,20.0,96.0,28.0,28.0,1.0,4.0,0.61,28.0,28.0,1.0,0.0
611,symg.F90,14.0,14.0,1.0,110.0,17.0,69.0,24.0,1.0,0.0,1.0,1.0,157.0,20.0,71.0,20.0,50.0,68.0,76.0,15.0,61.0,14.0,14.0,1.0,3.0,0.96,14.0,14.0,1.0,0.0
612,my_calc_wfwfg.F90,10.0,10.0,5.0,101.0,19.0,59.0,25.0,2.0,0.0,2.0,2.0,312.0,45.0,121.0,50.0,69.0,153.0,115.0,42.0,73.0,10.0,10.0,5.0,4.0,1.26,20.0,20.0,10.0,0.0
613,m_energy.F90,10.0,10.0,1.0,93.0,9.0,64.0,21.0,9.0,1.0,1.0,9.0,1174.0,132.0,617.0,193.0,423.0,446.0,543.0,172.0,371.0,22.0,22.0,1.0,9.0,0.72,93.0,93.0,9.0,0.0
614,m_pawfgrtab.F90,19.0,19.0,2.0,282.0,30.0,195.0,60.0,10.0,0.0,1.0,10.0,1561.0,167.0,985.0,132.0,744.0,429.0,1076.0,126.0,950.0,55.0,55.0,12.0,9.0,0.44,194.0,194.0,21.0,0.0
615,dfpt_prtph.F90,39.0,39.0,1.0,185.0,16.0,148.0,21.0,1.0,0.0,1.0,1.0,243.0,20.0,150.0,20.0,129.0,75.0,142.0,16.0,126.0,39.0,39.0,1.0,5.0,0.50,39.0,39.0,1.0,0.0
616,m_results_gs.F90,8.0,8.0,1.0,64.0,11.0,40.0,13.0,7.0,1.0,1.0,7.0,796.0,129.0,322.0,133.0,168.0,354.0,262.0,83.0,179.0,27.0,27.0,1.0,4.0,1.10,59.0,59.0,7.0,0.0
617,m_profiling_abi.F90,0.0,0.0,0.0,0.0,0.0,0.0,0.0,0.0,1.0,1.0,0.0,837.0,150.0,315.0,6.0,0.0,380.0,5.0,5.0,0.0,0.0,0.0,0.0,0.0,1.21,0.0,0.0,0.0,0.0
618,holocell.F90,34.0,34.0,1.0,174.0,22.0,122.0,31.0,1.0,0.0,1.0,1.0,226.0,26.0,124.0,18.0,105.0,79.0,130.0,16.0,114.0,34.0,34.0,1.0,4.0,0.64,34.0,34.0,1.0,0.0
619,iofn1.F90,37.0,37.0,23.0,220.0,28.0,155.0,39.0,1.0,0.0,1.0,1.0,273.0,31.0,157.0,32.0,106.0,89.0,121.0,22.0,99.0,37.0,37.0,23.0,4.0,0.57,37.0,37.0,23.0,0.0
620,findminscf.F90,6.0,6.0,1.0,98.0,16.0,64.0,18.0,1.0,0.0,1.0,1.0,160.0,22.0,66.0,22.0,43.0,74.0,53.0,16.0,37.0,6.0,6.0,1.0,3.0,1.12,6.0,6.0,1.0,0.0
621,m_shirley.F90,14.0,14.0,3.0,188.0,31.0,108.0,52.0,13.0,1.0,1.0,13.0,3174.0,498.0,1495.0,659.0,827.0,1240.0,1256.0,397.0,859.0,60.0,60.0,18.0,8.0,0.83,189.0,189.0,43.0,0.0
622,blow_pawuj.F90,3.0,3.0,1.0,36.0,9.0,15.0,12.0,1.0,0.0,1.0,1.0,74.0,13.0,17.0,9.0,7.0,46.0,15.0,8.0,7.0,3.0,3.0,1.0,1.0,2.71,3.0,3.0,1.0,0.0
623,pawdfptenergy.F90,17.0,17.0,0.0,149.0,15.0,119.0,20.0,2.0,0.0,1.0,1.0,393.0,34.0,240.0,78.0,161.0,133.0,188.0,40.0,148.0,34.0,34.0,1.0,5.0,0.55,34.0,34.0,1.0,0.0
624,m_haydock.F90,16.0,16.0,2.0,211.0,33.0,131.0,51.0,7.0,1.0,1.0,7.0,1818.0,268.0,960.0,367.0,585.0,634.0,821.0,221.0,600.0,28.0,28.0,4.0,6.0,0.66,115.0,115.0,15.0,0.0
625,calc_vhxc_me.F90,101.0,101.0,20.0,747.0,124.0,518.0,141.0,1.0,0.0,1.0,1.0,832.0,128.0,520.0,134.0,385.0,222.0,458.0,78.0,380.0,101.0,101.0,20.0,12.0,0.43,101.0,101.0,20.0,0.0
626,gwls_LanczosResolvents.F90,2.0,2.0,1.0,57.0,17.0,21.0,19.0,7.0,1.0,1.0,7.0,635.0,159.0,180.0,107.0,72.0,308.0,160.0,90.0,70.0,3.0,3.0,1.0,2.0,1.71,14.0,14.0,7.0,0.0
627,m_Stat.F90,2.0,2.0,1.0,28.0,4.0,16.0,7.0,7.0,1.0,1.0,7.0,321.0,47.0,129.0,68.0,54.0,148.0,129.0,67.0,62.0,6.0,6.0,1.0,2.0,1.15,16.0,16.0,7.0,0.0
628,setup_bse.F90,84.0,74.0,4.0,933.0,144.0,616.0,196.0,1.0,0.0,1.0,1.0,1001.0,147.0,618.0,147.0,470.0,261.0,537.0,78.0,459.0,84.0,74.0,4.0,5.0,0.42,84.0,74.0,4.0,0.0
629,nmsq_gam.F90,5.0,5.0,0.0,66.0,15.0,35.0,16.0,2.0,0.0,1.0,1.0,180.0,34.0,73.0,29.0,43.0,77.0,65.0,25.0,40.0,10.0,10.0,1.0,6.0,1.05,10.0,10.0,1.0,0.0
630,mklocl_recipspace.F90,3.0,3.0,1.0,53.0,10.0,28.0,15.0,11.0,0.0,1.0,9.0,563.0,94.0,268.0,72.0,195.0,207.0,255.0,66.0,189.0,28.0,28.0,7.0,0.0,0.77,36.0,36.0,15.0,0.0
631,symmetrize_xred.F90,15.0,15.0,1.0,109.0,17.0,59.0,34.0,1.0,0.0,1.0,1.0,164.0,20.0,61.0,20.0,40.0,86.0,59.0,17.0,42.0,15.0,15.0,1.0,4.0,1.41,15.0,15.0,1.0,0.0
632,fftpac.F90,8.0,8.0,0.0,38.0,4.0,27.0,6.0,3.0,0.0,1.0,1.0,170.0,16.0,84.0,19.0,64.0,72.0,77.0,15.0,62.0,25.0,25.0,1.0,5.0,0.86,25.0,25.0,1.0,0.0
633,pawdensities.F90,76.0,76.0,1.0,364.0,26.0,301.0,46.0,1.0,0.0,1.0,1.0,437.0,29.0,303.0,53.0,249.0,116.0,266.0,30.0,236.0,76.0,76.0,1.0,9.0,0.38,76.0,76.0,1.0,0.0
634,conducti.F90,9.0,9.0,1.0,107.0,23.0,67.0,18.0,1.0,0.0,1.0,1.0,150.0,26.0,69.0,24.0,42.0,58.0,62.0,20.0,42.0,9.0,9.0,1.0,1.0,0.84,9.0,9.0,1.0,0.0
635,xmpi_scatterv.finc,2.0,2.0,1.0,39.0,9.0,17.0,12.0,6.0,0.0,6.0,6.0,407.0,66.0,106.0,54.0,22.0,235.0,92.0,54.0,38.0,2.0,2.0,1.0,1.0,2.22,12.0,12.0,6.0,0.0
636,xcspol.F90,15.0,15.0,1.0,450.0,68.0,205.0,179.0,1.0,0.0,1.0,1.0,529.0,72.0,207.0,36.0,170.0,254.0,189.0,29.0,160.0,15.0,15.0,1.0,3.0,1.23,15.0,15.0,1.0,0.0
637,chkneu.F90,33.0,33.0,1.0,269.0,37.0,171.0,61.0,1.0,0.0,1.0,1.0,337.0,40.0,173.0,23.0,149.0,126.0,134.0,15.0,119.0,33.0,33.0,1.0,7.0,0.73,33.0,33.0,1.0,0.0
638,pawnhatfr.F90,61.0,61.0,4.0,306.0,32.0,233.0,45.0,1.0,0.0,1.0,1.0,365.0,35.0,235.0,54.0,180.0,101.0,212.0,29.0,183.0,61.0,61.0,4.0,11.0,0.43,61.0,61.0,4.0,0.0
639,ptg_D4h.F90,2.0,2.0,1.0,292.0,15.0,265.0,12.0,1.0,0.0,1.0,1.0,332.0,19.0,267.0,26.0,240.0,48.0,252.0,11.0,241.0,2.0,2.0,1.0,1.0,0.18,2.0,2.0,1.0,0.0
640,outxml.F90,4.0,4.0,1.0,59.0,10.0,36.0,13.0,4.0,0.0,4.0,4.0,388.0,49.0,149.0,49.0,98.0,195.0,140.0,45.0,95.0,10.0,10.0,1.0,3.0,1.31,18.0,18.0,4.0,0.0
641,pawdenpot.F90,51.0,51.0,0.0,292.0,30.0,231.0,39.0,3.0,0.0,1.0,1.0,974.0,93.0,696.0,126.0,569.0,212.0,618.0,55.0,563.0,154.0,154.0,1.0,7.0,0.30,154.0,154.0,1.0,0.0
642,wvl_setboxgeometry.F90,2.0,2.0,1.0,98.0,17.0,59.0,22.0,1.0,0.0,1.0,1.0,147.0,20.0,61.0,16.0,2.0,68.0,16.0,14.0,2.0,2.0,2.0,1.0,1.0,1.11,2.0,2.0,1.0,0.0
643,newfermie1.F90,12.0,12.0,1.0,133.0,17.0,95.0,24.0,1.0,0.0,1.0,1.0,214.0,21.0,97.0,50.0,46.0,101.0,89.0,39.0,50.0,12.0,12.0,1.0,3.0,1.04,12.0,12.0,1.0,0.0
644,waveformat.F90,28.0,28.0,16.0,181.0,43.0,108.0,30.0,1.0,0.0,1.0,1.0,256.0,47.0,110.0,19.0,90.0,101.0,104.0,16.0,88.0,28.0,28.0,16.0,6.0,0.92,28.0,28.0,16.0,0.0
645,ptg_C4h.F90,2.0,2.0,1.0,172.0,13.0,147.0,12.0,1.0,0.0,1.0,1.0,212.0,17.0,149.0,24.0,124.0,48.0,136.0,11.0,125.0,2.0,2.0,1.0,1.0,0.32,2.0,2.0,1.0,0.0
646,symptgroup.F90,26.0,25.0,2.0,108.0,14.0,77.0,16.0,2.0,0.0,1.0,1.0,255.0,31.0,157.0,28.0,128.0,69.0,185.0,16.0,169.0,53.0,50.0,4.0,4.0,0.44,53.0,50.0,4.0,0.0
647,prtxf.F90,19.0,19.0,1.0,139.0,17.0,95.0,27.0,1.0,0.0,1.0,1.0,199.0,21.0,97.0,19.0,77.0,83.0,94.0,18.0,76.0,19.0,19.0,1.0,5.0,0.86,19.0,19.0,1.0,0.0
648,m_copy.F90,1.0,1.0,1.0,26.0,6.0,11.0,8.0,57.0,1.0,1.0,57.0,2677.0,525.0,755.0,388.0,284.0,1403.0,735.0,344.0,391.0,2.0,2.0,1.0,1.0,1.86,87.0,87.0,57.0,0.0
649,wfconv.F90,38.0,38.0,3.0,308.0,33.0,198.0,80.0,2.0,0.0,1.0,1.0,756.0,70.0,399.0,80.0,318.0,298.0,380.0,50.0,330.0,77.0,77.0,6.0,6.0,0.75,77.0,77.0,6.0,0.0
650,m_dfpt_io.F90,1.0,1.0,1.0,39.0,9.0,17.0,13.0,2.0,1.0,1.0,2.0,153.0,27.0,43.0,23.0,1.0,86.0,21.0,20.0,1.0,1.0,1.0,1.0,0.0,2.00,2.0,2.0,2.0,0.0
651,outgkk.F90,8.0,8.0,1.0,96.0,18.0,57.0,23.0,1.0,0.0,1.0,1.0,135.0,21.0,59.0,26.0,32.0,59.0,53.0,20.0,33.0,8.0,8.0,1.0,3.0,1.00,8.0,8.0,1.0,0.0
652,dfpt_mkvxc_noncoll.F90,9.0,9.0,0.0,91.0,8.0,60.0,26.0,2.0,0.0,1.0,1.0,254.0,19.0,122.0,42.0,79.0,122.0,104.0,27.0,77.0,19.0,19.0,1.0,5.0,1.00,19.0,19.0,1.0,0.0
653,macroave.F90,64.0,64.0,7.0,616.0,60.0,349.0,211.0,1.0,0.0,1.0,1.0,671.0,64.0,351.0,63.0,280.0,262.0,299.0,39.0,260.0,64.0,64.0,7.0,4.0,0.75,64.0,64.0,7.0,0.0
654,m_VectorInt.F90,2.0,2.0,1.0,23.0,4.0,13.0,6.0,7.0,1.0,1.0,7.0,467.0,51.0,111.0,56.0,46.0,307.0,114.0,55.0,59.0,3.0,3.0,1.0,2.0,2.77,18.0,18.0,7.0,0.0
655,rotate_rho.F90,8.0,8.0,1.0,148.0,32.0,80.0,37.0,1.0,0.0,1.0,1.0,194.0,35.0,82.0,35.0,46.0,80.0,79.0,29.0,50.0,8.0,8.0,1.0,5.0,0.98,8.0,8.0,1.0,0.0
656,invcb.F90,6.0,6.0,5.0,71.0,10.0,37.0,24.0,1.0,0.0,1.0,1.0,109.0,14.0,39.0,14.0,24.0,58.0,38.0,13.0,25.0,6.0,6.0,5.0,4.0,1.49,6.0,6.0,5.0,0.0
657,lib_four.F90,6.0,6.0,1.0,73.0,5.0,49.0,19.0,3.0,0.0,3.0,3.0,313.0,24.0,149.0,39.0,109.0,144.0,131.0,38.0,93.0,8.0,8.0,1.0,2.0,0.97,20.0,20.0,3.0,0.0
658,wvl_rwwf.F90,2.0,2.0,1.0,238.0,23.0,169.0,45.0,2.0,0.0,2.0,2.0,555.0,51.0,341.0,47.0,4.0,165.0,48.0,44.0,4.0,2.0,2.0,1.0,1.0,0.48,4.0,4.0,2.0,0.0
659,completeperts.F90,18.0,18.0,10.0,130.0,19.0,84.0,34.0,1.0,0.0,1.0,1.0,181.0,22.0,86.0,28.0,57.0,82.0,79.0,21.0,58.0,18.0,18.0,10.0,8.0,0.95,18.0,18.0,10.0,0.0
660,m_fft_mesh.F90,6.0,6.0,1.0,71.0,11.0,41.0,19.0,16.0,1.0,1.0,16.0,1691.0,258.0,698.0,211.0,486.0,761.0,656.0,187.0,469.0,29.0,27.0,12.0,5.0,1.09,108.0,106.0,29.0,0.0
661,littlegroup_pert.F90,11.0,11.0,0.0,73.0,8.0,52.0,13.0,2.0,0.0,1.0,1.0,213.0,20.0,106.0,22.0,83.0,89.0,100.0,19.0,81.0,23.0,23.0,1.0,7.0,0.84,23.0,23.0,1.0,0.0
662,vnorm.F90,3.0,3.0,0.0,31.0,6.0,16.0,9.0,6.0,0.0,5.0,5.0,323.0,57.0,107.0,52.0,50.0,166.0,97.0,47.0,50.0,7.0,7.0,1.0,3.0,1.55,21.0,21.0,5.0,0.0
663,m_abilasi.F90,6.0,6.0,2.0,116.0,28.0,63.0,28.0,17.0,1.0,1.0,17.0,3374.0,569.0,1139.0,462.0,436.0,1734.0,675.0,302.0,373.0,11.0,11.0,4.0,4.0,1.52,108.0,108.0,47.0,0.0
664,m_hu.F90,20.0,20.0,1.0,149.0,16.0,104.0,30.0,14.0,1.0,1.0,14.0,2631.0,299.0,1503.0,308.0,1188.0,880.0,1353.0,226.0,1127.0,70.0,70.0,13.0,13.0,0.59,284.0,284.0,26.0,0.0
665,rhohxc.F90,76.0,76.0,5.0,461.0,42.0,341.0,83.0,2.0,0.0,1.0,1.0,1132.0,88.0,685.0,137.0,530.0,373.0,608.0,57.0,551.0,153.0,153.0,11.0,8.0,0.54,153.0,153.0,11.0,0.0
666,vhtnzc.F90,5.0,5.0,1.0,93.0,20.0,60.0,13.0,1.0,0.0,1.0,1.0,133.0,23.0,62.0,31.0,30.0,50.0,47.0,14.0,33.0,5.0,5.0,1.0,1.0,0.81,5.0,5.0,1.0,0.0
667,ctrap.F90,13.0,13.0,1.0,86.0,18.0,56.0,12.0,1.0,0.0,1.0,1.0,126.0,22.0,58.0,11.0,46.0,48.0,41.0,10.0,31.0,13.0,13.0,1.0,3.0,0.83,13.0,13.0,1.0,0.0
668,fourdp.F90,9.0,9.0,0.0,56.0,7.0,38.0,10.0,6.0,0.0,1.0,1.0,409.0,50.0,233.0,49.0,183.0,133.0,219.0,32.0,187.0,55.0,55.0,4.0,6.0,0.57,55.0,55.0,4.0,0.0
669,cgq_builder.F90,22.0,22.0,4.0,184.0,40.0,116.0,39.0,1.0,0.0,1.0,1.0,248.0,43.0,118.0,40.0,77.0,100.0,107.0,25.0,82.0,22.0,22.0,4.0,8.0,0.85,22.0,22.0,4.0,0.0
670,defs_wvltypes.F90,0.0,0.0,0.0,0.0,0.0,0.0,0.0,0.0,1.0,1.0,0.0,216.0,23.0,50.0,35.0,0.0,145.0,34.0,34.0,0.0,0.0,0.0,0.0,0.0,2.90,0.0,0.0,0.0,0.0
671,outvars.F90,21.0,21.0,0.0,149.0,20.0,104.0,26.0,2.0,0.0,1.0,1.0,370.0,44.0,210.0,38.0,147.0,121.0,171.0,30.0,141.0,43.0,43.0,1.0,5.0,0.58,43.0,43.0,1.0,0.0
672,afterscfloop.F90,39.0,39.0,0.0,390.0,41.0,286.0,67.0,2.0,0.0,1.0,1.0,977.0,86.0,575.0,153.0,367.0,328.0,452.0,108.0,344.0,79.0,79.0,1.0,6.0,0.57,79.0,79.0,1.0,0.0
673,m_ImpurityOperator.F90,6.0,5.0,1.0,45.0,6.0,29.0,10.0,28.0,1.0,1.0,28.0,2326.0,249.0,888.0,308.0,567.0,1225.0,891.0,305.0,586.0,28.0,27.0,5.0,4.0,1.38,168.0,167.0,38.0,0.0
674,ListCdagC_firstHigher,0.0,0.0,0.0,0.0,0.0,0.0,0.0,0.0,0.0,0.0,0.0,21.0,0.0,21.0,0.0,21.0,0.0,21.0,0.0,21.0,0.0,0.0,0.0,0.0,0.00,0.0,0.0,0.0,0.0
675,m_matrix.F90,12.0,12.0,1.0,146.0,20.0,94.0,34.0,1.0,1.0,1.0,1.0,216.0,33.0,106.0,46.0,58.0,83.0,79.0,25.0,54.0,12.0,12.0,1.0,2.0,0.78,12.0,12.0,1.0,0.0
676,m_wfutils.F90,5.0,5.0,1.0,44.0,8.0,29.0,7.0,6.0,1.0,1.0,6.0,390.0,68.0,194.0,62.0,131.0,139.0,191.0,58.0,133.0,25.0,25.0,1.0,4.0,0.72,33.0,31.0,6.0,0.0
677,xfpack_vin2x.F90,10.0,10.0,0.0,84.0,12.0,50.0,21.0,2.0,0.0,1.0,1.0,226.0,29.0,103.0,28.0,74.0,97.0,98.0,22.0,76.0,20.0,20.0,1.0,4.0,0.94,20.0,20.0,1.0,0.0
678,kpgstr.F90,7.0,7.0,1.0,93.0,12.0,59.0,22.0,1.0,0.0,1.0,1.0,139.0,15.0,61.0,19.0,41.0,65.0,49.0,17.0,32.0,7.0,7.0,1.0,3.0,1.07,7.0,7.0,1.0,0.0
679,rsurf.F90,7.0,7.0,1.0,78.0,15.0,53.0,9.0,2.0,0.0,1.0,1.0,208.0,35.0,109.0,22.0,86.0,66.0,109.0,21.0,88.0,15.0,15.0,3.0,5.0,0.61,15.0,15.0,3.0,0.0
680,xfpack_x2vin.F90,9.0,9.0,0.0,76.0,13.0,43.0,21.0,2.0,0.0,1.0,1.0,211.0,30.0,88.0,28.0,59.0,96.0,77.0,22.0,55.0,18.0,18.0,1.0,5.0,1.09,18.0,18.0,1.0,0.0
681,mk_irredpert.F90,27.0,27.0,18.0,260.0,40.0,119.0,101.0,1.0,0.0,1.0,1.0,318.0,44.0,121.0,16.0,104.0,155.0,109.0,14.0,95.0,27.0,27.0,18.0,12.0,1.28,27.0,27.0,18.0,0.0
682,create_slm2ylm.F90,5.0,5.0,1.0,49.0,8.0,29.0,12.0,1.0,0.0,1.0,1.0,85.0,10.0,31.0,13.0,17.0,46.0,30.0,12.0,18.0,5.0,5.0,1.0,2.0,1.48,5.0,5.0,1.0,0.0
683,smpbz.F90,63.0,63.0,16.0,410.0,36.0,334.0,42.0,1.0,0.0,1.0,1.0,477.0,39.0,336.0,37.0,298.0,106.0,253.0,19.0,234.0,63.0,63.0,16.0,9.0,0.32,63.0,63.0,16.0,0.0
684,WffReadSkipK.F90,2.0,2.0,1.0,48.0,11.0,25.0,12.0,1.0,0.0,1.0,1.0,96.0,14.0,27.0,21.0,5.0,57.0,26.0,16.0,10.0,2.0,2.0,1.0,1.0,2.11,2.0,2.0,1.0,0.0
685,inpspheads.F90,66.0,66.0,43.0,246.0,33.0,172.0,50.0,2.0,0.0,1.0,1.0,531.0,70.0,346.0,46.0,268.0,136.0,306.0,30.0,276.0,132.0,132.0,86.0,5.0,0.39,132.0,132.0,86.0,0.0
686,m_abihist.F90,6.0,6.0,1.0,113.0,22.0,70.0,19.0,9.0,1.0,1.0,9.0,1486.0,247.0,676.0,169.0,249.0,579.0,428.0,135.0,293.0,17.0,17.0,3.0,3.0,0.86,58.0,58.0,11.0,0.0
687,m_paw_io.F90,44.0,44.0,8.0,246.0,23.0,200.0,26.0,1.0,0.0,0.0,1.0,1.0,0.0,0.0,0.0,0.0,1.0,0.0,0.0,0.0,44.0,44.0,8.0,4.0,0.00,44.0,44.0,8.0,0.0
688,mkcore_wvl.F90,0.0,0.0,0.0,98.0,12.0,63.0,25.0,4.0,0.0,1.0,1.0,440.0,55.0,254.0,36.0,3.0,144.0,31.0,29.0,2.0,2.0,2.0,1.0,1.0,0.57,2.0,2.0,1.0,0.0
689,strhar.F90,3.0,3.0,2.0,44.0,6.0,27.0,11.0,3.0,0.0,1.0,1.0,184.0,24.0,83.0,25.0,54.0,80.0,82.0,23.0,59.0,10.0,10.0,6.0,6.0,0.96,10.0,10.0,6.0,0.0
690,qijb_kk.F90,8.0,8.0,1.0,139.0,26.0,85.0,41.0,1.0,0.0,1.0,1.0,197.0,30.0,87.0,37.0,49.0,95.0,72.0,27.0,45.0,8.0,8.0,1.0,6.0,1.09,8.0,8.0,1.0,0.0
691,m_ListCdagC.F90,3.0,3.0,1.0,27.0,4.0,13.0,10.0,15.0,1.0,1.0,15.0,1006.0,107.0,239.0,118.0,112.0,666.0,243.0,115.0,128.0,7.0,7.0,1.0,3.0,2.79,47.0,47.0,15.0,0.0
692,redgr.F90,17.0,17.0,1.0,124.0,18.0,80.0,28.0,1.0,0.0,1.0,1.0,175.0,22.0,82.0,25.0,56.0,75.0,75.0,16.0,59.0,17.0,17.0,1.0,5.0,0.91,17.0,17.0,1.0,0.0
693,nmsq_gam_sumfs.F90,4.0,4.0,0.0,69.0,16.0,35.0,17.0,2.0,0.0,1.0,1.0,184.0,36.0,73.0,30.0,42.0,78.0,61.0,24.0,37.0,9.0,9.0,1.0,5.0,1.07,9.0,9.0,1.0,0.0
694,local_ks_green.F90,20.0,20.0,1.0,147.0,13.0,111.0,26.0,1.0,0.0,1.0,1.0,191.0,17.0,113.0,37.0,75.0,66.0,92.0,22.0,70.0,20.0,20.0,1.0,5.0,0.58,20.0,20.0,1.0,0.0
695,m_slk.F90,1.0,1.0,1.0,14.0,5.0,3.0,6.0,1.0,1.0,1.0,1.0,5189.0,847.0,2062.0,49.0,0.0,2411.0,48.0,48.0,0.0,1.0,1.0,1.0,0.0,1.17,1.0,1.0,1.0,0.0
696,forstr.F90,9.0,9.0,0.0,117.0,13.0,88.0,17.0,2.0,0.0,1.0,1.0,404.0,30.0,178.0,86.0,91.0,201.0,139.0,70.0,69.0,19.0,19.0,1.0,4.0,1.13,19.0,19.0,1.0,0.0
697,pred_diisrelax.F90,58.0,58.0,1.0,549.0,68.0,287.0,194.0,1.0,0.0,1.0,1.0,605.0,71.0,289.0,63.0,225.0,247.0,259.0,41.0,218.0,58.0,58.0,1.0,5.0,0.85,58.0,58.0,1.0,0.0
698,corrmetalwf1.F90,9.0,9.0,1.0,117.0,27.0,67.0,27.0,1.0,0.0,1.0,1.0,187.0,30.0,69.0,30.0,38.0,94.0,61.0,23.0,38.0,9.0,9.0,1.0,4.0,1.36,9.0,9.0,1.0,0.0
699,pawuj_utils.F90,4.0,4.0,0.0,45.0,9.0,30.0,6.0,6.0,0.0,4.0,4.0,397.0,65.0,182.0,70.0,111.0,154.0,165.0,54.0,111.0,8.0,8.0,1.0,2.0,0.85,25.0,25.0,4.0,0.0
700,dielmt.F90,33.0,33.0,1.0,331.0,35.0,181.0,115.0,1.0,0.0,1.0,1.0,386.0,39.0,183.0,33.0,149.0,166.0,158.0,19.0,139.0,33.0,33.0,1.0,4.0,0.91,33.0,33.0,1.0,0.0
701,functionals_pwscf.F90,3.0,3.0,1.0,27.0,4.0,14.0,8.0,19.0,1.0,1.0,19.0,728.0,99.0,311.0,112.0,198.0,323.0,315.0,111.0,204.0,30.0,30.0,1.0,2.0,1.04,71.0,71.0,19.0,0.0
702,m_atomdata.F90,38.0,4.0,1.0,116.0,14.0,89.0,13.0,6.0,1.0,1.0,6.0,916.0,114.0,558.0,63.0,494.0,257.0,972.0,61.0,911.0,106.0,18.0,1.0,3.0,0.46,233.0,26.0,6.0,0.0
703,getgh1c.F90,38.0,37.0,0.0,242.0,25.0,175.0,51.0,4.0,0.0,3.0,3.0,1108.0,111.0,704.0,178.0,525.0,335.0,648.0,89.0,559.0,107.0,107.0,1.0,6.0,0.48,155.0,148.0,3.0,0.0
704,fftbox_ip_driver.finc,0.0,0.0,0.0,0.0,0.0,0.0,0.0,0.0,0.0,0.0,0.0,83.0,12.0,54.0,9.0,45.0,17.0,53.0,4.0,49.0,0.0,0.0,0.0,0.0,0.31,0.0,0.0,0.0,0.0
705,symbrav.F90,22.0,19.0,2.0,136.0,13.0,102.0,22.0,2.0,0.0,1.0,1.0,322.0,29.0,207.0,36.0,170.0,92.0,180.0,24.0,156.0,44.0,39.0,5.0,4.0,0.44,44.0,39.0,5.0,0.0
706,mlwfovlp_qp.F90,10.0,10.0,0.0,146.0,19.0,100.0,31.0,3.0,0.0,1.0,1.0,507.0,61.0,304.0,122.0,181.0,158.0,224.0,63.0,161.0,32.0,31.0,1.0,5.0,0.52,32.0,31.0,1.0,0.0
707,xmpi_isend.finc,1.0,1.0,1.0,36.0,8.0,15.0,12.0,2.0,0.0,2.0,2.0,137.0,20.0,30.0,14.0,2.0,87.0,16.0,14.0,2.0,1.0,1.0,1.0,0.0,2.90,2.0,2.0,2.0,0.0
708,ab7_dummy.f90,1.0,1.0,1.0,2.0,0.0,2.0,0.0,3.0,0.0,3.0,3.0,10.0,2.0,6.0,6.0,0.0,2.0,6.0,6.0,0.0,1.0,1.0,1.0,0.0,0.33,3.0,3.0,3.0,0.0
709,iorho.F90,13.0,13.0,1.0,110.0,12.0,52.0,46.0,1.0,0.0,1.0,1.0,114.0,13.0,53.0,11.0,41.0,49.0,54.0,10.0,44.0,13.0,13.0,1.0,5.0,0.92,13.0,13.0,1.0,0.0
710,ingeo.F90,74.0,72.0,4.0,493.0,74.0,339.0,85.0,2.0,0.0,1.0,1.0,1088.0,151.0,680.0,107.0,572.0,270.0,580.0,50.0,530.0,149.0,145.0,8.0,7.0,0.40,149.0,145.0,8.0,0.0
711,impurity_solve.F90,10.0,10.0,0.0,129.0,18.0,66.0,49.0,2.0,0.0,1.0,1.0,304.0,40.0,135.0,39.0,95.0,140.0,123.0,35.0,88.0,20.0,20.0,1.0,3.0,1.04,20.0,20.0,1.0,0.0
712,ptg_Td.F90,2.0,2.0,1.0,223.0,12.0,198.0,13.0,1.0,0.0,1.0,1.0,263.0,16.0,200.0,21.0,178.0,49.0,190.0,11.0,179.0,2.0,2.0,1.0,1.0,0.24,2.0,2.0,1.0,0.0
713,symanal.F90,7.0,7.0,2.0,75.0,14.0,36.0,25.0,2.0,0.0,1.0,1.0,207.0,32.0,75.0,29.0,45.0,104.0,71.0,22.0,49.0,14.0,14.0,5.0,4.0,1.39,14.0,14.0,5.0,0.0
714,fermisolverec.F90,10.0,10.0,2.0,136.0,16.0,98.0,22.0,2.0,0.0,1.0,1.0,329.0,37.0,198.0,32.0,118.0,98.0,127.0,26.0,101.0,20.0,20.0,4.0,4.0,0.49,20.0,20.0,4.0,0.0
715,update_e_field_vars.F90,24.0,24.0,0.0,248.0,49.0,161.0,55.0,2.0,0.0,1.0,1.0,595.0,102.0,325.0,60.0,264.0,206.0,285.0,48.0,237.0,49.0,49.0,1.0,6.0,0.63,49.0,49.0,1.0,0.0
716,m_MatrixHyb.F90,5.0,5.0,1.0,42.0,5.0,27.0,9.0,10.0,1.0,1.0,10.0,838.0,81.0,306.0,104.0,165.0,453.0,314.0,103.0,211.0,13.0,13.0,1.0,3.0,1.48,59.0,58.0,10.0,0.0
717,spgdata.F90,645.0,143.0,1.0,1734.0,11.0,1711.0,19.0,1.0,0.0,1.0,1.0,1791.0,15.0,1713.0,12.0,1700.0,72.0,2479.0,10.0,2469.0,645.0,143.0,1.0,3.0,0.04,645.0,143.0,1.0,0.0
718,dfpt_wfkfermi.F90,8.0,8.0,1.0,109.0,18.0,75.0,18.0,2.0,0.0,1.0,1.0,304.0,40.0,153.0,67.0,85.0,118.0,131.0,44.0,87.0,17.0,17.0,3.0,3.0,0.77,17.0,17.0,3.0,0.0
719,xmpi_gatherv.finc,3.0,3.0,1.0,61.0,10.0,35.0,14.0,7.0,0.0,7.0,7.0,628.0,88.0,250.0,80.0,35.0,290.0,137.0,76.0,61.0,3.0,3.0,1.0,1.0,1.16,21.0,21.0,7.0,0.0
720,outvar_o_z.F90,59.0,59.0,0.0,694.0,140.0,481.0,96.0,2.0,0.0,1.0,1.0,1468.0,284.0,964.0,58.0,905.0,269.0,895.0,33.0,862.0,119.0,119.0,1.0,5.0,0.28,119.0,119.0,1.0,0.0
721,fsumrule.F90,9.0,8.0,4.0,98.0,19.0,60.0,19.0,1.0,0.0,1.0,1.0,151.0,22.0,62.0,19.0,42.0,69.0,50.0,14.0,36.0,9.0,8.0,4.0,2.0,1.11,9.0,8.0,4.0,0.0
722,pred_moldyn.F90,12.0,12.0,0.0,128.0,18.0,77.0,35.0,3.0,0.0,2.0,2.0,519.0,60.0,235.0,48.0,185.0,234.0,210.0,41.0,169.0,27.0,27.0,1.0,6.0,1.00,37.0,37.0,2.0,0.0
723,fresid.F90,35.0,35.0,2.0,310.0,38.0,195.0,78.0,2.0,0.0,1.0,2.0,679.0,78.0,388.0,64.0,323.0,218.0,404.0,48.0,356.0,70.0,70.0,3.0,0.0,0.56,71.0,71.0,4.0,0.0
724,rdnpw.F90,12.0,12.0,1.0,103.0,22.0,60.0,21.0,1.0,0.0,1.0,1.0,154.0,26.0,62.0,18.0,43.0,68.0,43.0,10.0,33.0,12.0,12.0,1.0,2.0,1.10,12.0,12.0,1.0,0.0
725,ptg_D6h.F90,2.0,2.0,1.0,449.0,19.0,415.0,15.0,1.0,0.0,1.0,1.0,489.0,23.0,417.0,28.0,388.0,51.0,400.0,11.0,389.0,2.0,2.0,1.0,1.0,0.12,2.0,2.0,1.0,0.0
726,m_data4entropyDMFT.F90,6.0,6.0,1.0,46.0,8.0,31.0,8.0,5.0,1.0,1.0,5.0,475.0,62.0,184.0,86.0,97.0,247.0,153.0,63.0,90.0,11.0,11.0,1.0,3.0,1.34,33.0,33.0,5.0,0.0
727,predict_string.F90,15.0,15.0,1.0,213.0,27.0,149.0,43.0,1.0,0.0,1.0,1.0,281.0,30.0,151.0,73.0,77.0,108.0,108.0,24.0,84.0,15.0,15.0,1.0,4.0,0.72,15.0,15.0,1.0,0.0
728,dfpt_sygra.F90,6.0,6.0,1.0,99.0,13.0,41.0,45.0,1.0,0.0,1.0,1.0,158.0,17.0,43.0,12.0,30.0,100.0,35.0,11.0,24.0,6.0,6.0,1.0,5.0,2.33,6.0,6.0,1.0,0.0
729,dtfil_init.F90,41.0,41.0,1.0,503.0,58.0,360.0,106.0,1.0,0.0,1.0,1.0,560.0,61.0,362.0,44.0,317.0,160.0,366.0,36.0,330.0,41.0,41.0,1.0,3.0,0.44,41.0,41.0,1.0,0.0
730,cdotu.f,7.0,7.0,3.0,54.0,1.0,26.0,27.0,1.0,0.0,1.0,1.0,54.0,1.0,26.0,6.0,20.0,27.0,30.0,6.0,24.0,7.0,7.0,3.0,1.0,1.04,7.0,7.0,3.0,0.0
731,ptg_C6h.F90,2.0,2.0,1.0,288.0,17.0,259.0,12.0,1.0,0.0,1.0,1.0,328.0,21.0,261.0,28.0,232.0,48.0,244.0,11.0,233.0,2.0,2.0,1.0,1.0,0.18,2.0,2.0,1.0,0.0
732,chkgrp.F90,13.0,13.0,8.0,111.0,13.0,71.0,32.0,2.0,0.0,2.0,2.0,301.0,32.0,144.0,41.0,101.0,137.0,122.0,34.0,88.0,14.0,14.0,8.0,5.0,0.95,26.0,26.0,16.0,0.0
733,m_self.F90,18.0,18.0,1.0,122.0,11.0,83.0,31.0,8.0,1.0,1.0,8.0,1298.0,135.0,705.0,187.0,516.0,498.0,636.0,157.0,479.0,90.0,90.0,1.0,12.0,0.71,144.0,144.0,8.0,0.0
734,mblktyp5.F90,13.0,13.0,0.0,221.0,27.0,160.0,36.0,2.0,0.0,1.0,1.0,497.0,59.0,322.0,124.0,197.0,122.0,206.0,44.0,162.0,26.0,26.0,1.0,5.0,0.38,26.0,26.0,1.0,0.0
735,emispec_paw.F90,26.0,26.0,1.0,277.0,38.0,199.0,45.0,1.0,0.0,1.0,1.0,340.0,41.0,201.0,68.0,132.0,105.0,167.0,35.0,132.0,26.0,26.0,1.0,6.0,0.52,26.0,26.0,1.0,0.0
736,symlist_bcc.F90,53.0,48.0,10.0,164.0,26.0,114.0,24.0,1.0,0.0,1.0,1.0,212.0,30.0,116.0,11.0,104.0,68.0,166.0,10.0,156.0,53.0,48.0,10.0,3.0,0.59,53.0,48.0,10.0,0.0
737,calc_sigc_pole_cd.F90,21.0,21.0,6.0,240.0,35.0,110.0,102.0,1.0,0.0,1.0,1.0,292.0,39.0,112.0,31.0,77.0,150.0,106.0,29.0,77.0,21.0,21.0,6.0,5.0,1.34,21.0,21.0,6.0,0.0
738,xmpi_send.finc,1.0,1.0,1.0,36.0,9.0,14.0,13.0,6.0,0.0,6.0,6.0,377.0,66.0,84.0,37.0,6.0,227.0,43.0,37.0,6.0,1.0,1.0,1.0,0.0,2.70,6.0,6.0,6.0,0.0
739,pred_simple.F90,7.0,7.0,1.0,65.0,13.0,33.0,21.0,1.0,0.0,1.0,1.0,118.0,17.0,35.0,12.0,22.0,70.0,30.0,11.0,19.0,7.0,7.0,1.0,2.0,2.00,7.0,7.0,1.0,0.0
740,d2frnl.F90,90.0,90.0,4.0,518.0,41.0,421.0,75.0,2.0,0.0,1.0,1.0,1138.0,85.0,845.0,190.0,646.0,249.0,758.0,99.0,659.0,180.0,180.0,9.0,9.0,0.29,180.0,180.0,9.0,0.0
741,getgh2c.F90,40.0,40.0,1.0,254.0,38.0,161.0,67.0,1.0,0.0,1.0,1.0,321.0,41.0,163.0,44.0,118.0,131.0,159.0,28.0,131.0,40.0,40.0,1.0,4.0,0.80,40.0,40.0,1.0,0.0
742,xcmult.F90,5.0,5.0,1.0,51.0,13.0,24.0,16.0,1.0,0.0,1.0,1.0,118.0,17.0,26.0,11.0,14.0,79.0,24.0,10.0,14.0,5.0,5.0,1.0,3.0,3.04,5.0,5.0,1.0,0.0
743,finddistrproc.F90,54.0,54.0,14.0,291.0,32.0,217.0,49.0,3.0,0.0,1.0,2.0,928.0,97.0,649.0,77.0,571.0,208.0,697.0,54.0,643.0,162.0,162.0,42.0,0.0,0.32,163.0,163.0,43.0,0.0
744,getcut.F90,12.0,12.0,1.0,125.0,20.0,81.0,26.0,1.0,0.0,1.0,1.0,190.0,24.0,83.0,19.0,63.0,87.0,63.0,17.0,46.0,12.0,12.0,1.0,4.0,1.05,12.0,12.0,1.0,0.0
745,scfcge.F90,34.0,34.0,3.0,390.0,49.0,227.0,115.0,2.0,0.0,1.0,1.0,889.0,102.0,456.0,43.0,412.0,334.0,423.0,35.0,388.0,68.0,68.0,6.0,6.0,0.73,68.0,68.0,6.0,0.0
746,benf.f,11.0,11.0,3.0,78.0,2.0,66.0,10.0,6.0,0.0,6.0,6.0,478.0,13.0,396.0,47.0,349.0,69.0,388.0,57.0,331.0,27.0,27.0,9.0,4.0,0.17,68.0,68.0,18.0,0.0
747,dbeta.F90,8.0,8.0,5.0,63.0,9.0,42.0,12.0,1.0,0.0,1.0,1.0,110.0,13.0,44.0,12.0,31.0,55.0,43.0,11.0,32.0,8.0,8.0,5.0,3.0,1.25,8.0,8.0,5.0,0.0
748,m_double_grid.F90,4.0,4.0,2.0,59.0,13.0,33.0,12.0,8.0,1.0,1.0,8.0,855.0,166.0,310.0,163.0,146.0,388.0,259.0,124.0,135.0,13.0,13.0,9.0,8.0,1.25,39.0,39.0,21.0,0.0
749,mkfilename.F90,9.0,9.0,1.0,95.0,18.0,62.0,17.0,1.0,0.0,1.0,1.0,143.0,22.0,64.0,22.0,41.0,61.0,51.0,19.0,32.0,9.0,9.0,1.0,3.0,0.95,9.0,9.0,1.0,0.0
750,qmatrix.F90,8.0,8.0,1.0,108.0,26.0,68.0,17.0,1.0,0.0,1.0,1.0,158.0,29.0,70.0,35.0,34.0,64.0,54.0,20.0,34.0,8.0,8.0,1.0,6.0,0.91,8.0,8.0,1.0,0.0
751,irreducible_set_pert.F90,19.0,19.0,12.0,129.0,25.0,60.0,44.0,1.0,0.0,1.0,1.0,191.0,29.0,62.0,12.0,49.0,102.0,60.0,11.0,49.0,19.0,19.0,12.0,10.0,1.65,19.0,19.0,12.0,0.0
752,mkfsqgrid.F90,6.0,6.0,5.0,65.0,11.0,40.0,14.0,1.0,0.0,1.0,1.0,109.0,15.0,42.0,15.0,26.0,54.0,38.0,14.0,24.0,6.0,6.0,5.0,4.0,1.29,6.0,6.0,5.0,0.0
753,inwffil.F90,54.0,54.0,3.0,428.0,48.0,318.0,66.0,2.0,0.0,1.0,1.0,980.0,100.0,639.0,139.0,497.0,254.0,567.0,59.0,508.0,109.0,109.0,7.0,8.0,0.40,109.0,109.0,7.0,0.0
754,psp5lo.F90,8.0,8.0,1.0,137.0,20.0,63.0,54.0,1.0,0.0,1.0,1.0,189.0,23.0,65.0,19.0,45.0,103.0,57.0,15.0,42.0,8.0,8.0,1.0,3.0,1.58,8.0,8.0,1.0,0.0
755,symaxes.F90,48.0,46.0,1.0,192.0,18.0,122.0,95.0,1.0,0.0,1.0,1.0,318.0,22.0,124.0,17.0,106.0,217.0,132.0,16.0,116.0,48.0,46.0,1.0,6.0,1.75,48.0,46.0,1.0,0.0
756,cont33cso.F90,1.0,1.0,1.0,176.0,13.0,100.0,63.0,1.0,0.0,1.0,1.0,239.0,17.0,102.0,9.0,92.0,122.0,60.0,8.0,52.0,1.0,1.0,1.0,0.0,1.20,1.0,1.0,1.0,0.0
757,aprxdr.F90,3.0,3.0,0.0,42.0,9.0,23.0,10.0,2.0,0.0,1.0,1.0,152.0,21.0,48.0,23.0,24.0,85.0,37.0,18.0,19.0,6.0,6.0,1.0,4.0,1.77,6.0,6.0,1.0,0.0
758,mkffkg.F90,79.0,79.0,1.0,513.0,39.0,383.0,91.0,1.0,0.0,1.0,1.0,580.0,43.0,385.0,18.0,366.0,154.0,397.0,15.0,382.0,79.0,79.0,1.0,8.0,0.40,79.0,79.0,1.0,0.0
759,dieltcel.F90,41.0,41.0,1.0,461.0,52.0,280.0,130.0,1.0,0.0,1.0,1.0,519.0,55.0,282.0,74.0,207.0,185.0,229.0,32.0,197.0,41.0,41.0,1.0,6.0,0.66,41.0,41.0,1.0,0.0
760,crea_descrip_mms.F90,1.0,1.0,1.0,163.0,2.0,132.0,29.0,1.0,0.0,1.0,1.0,163.0,2.0,132.0,2.0,1.0,29.0,3.0,2.0,1.0,1.0,1.0,1.0,0.0,0.22,1.0,1.0,1.0,0.0
761,contstr25a.F90,10.0,10.0,1.0,5777.0,13.0,5743.0,21.0,1.0,0.0,1.0,1.0,5831.0,16.0,5745.0,17.0,5727.0,72.0,486.0,14.0,472.0,10.0,10.0,1.0,2.0,0.01,10.0,10.0,1.0,0.0
762,calc_optical_mels.F90,11.0,11.0,4.0,138.0,27.0,75.0,44.0,2.0,0.0,1.0,2.0,300.0,49.0,140.0,62.0,77.0,129.0,131.0,49.0,82.0,20.0,20.0,8.0,1.0,0.92,22.0,22.0,9.0,0.0
763,psp2lo.F90,5.0,5.0,1.0,113.0,15.0,75.0,23.0,1.0,0.0,1.0,1.0,173.0,19.0,77.0,18.0,58.0,79.0,61.0,16.0,45.0,5.0,5.0,1.0,3.0,1.03,5.0,5.0,1.0,0.0
764,suskmm.F90,61.0,61.0,1.0,507.0,71.0,309.0,127.0,1.0,0.0,1.0,1.0,619.0,75.0,311.0,70.0,240.0,235.0,259.0,48.0,211.0,61.0,61.0,1.0,10.0,0.76,61.0,61.0,1.0,0.0
765,defs_basis.F90,3.0,2.0,1.0,30.0,8.0,13.0,8.0,4.0,1.0,1.0,4.0,558.0,86.0,243.0,203.0,37.0,266.0,233.0,203.0,30.0,5.0,4.0,1.0,1.0,1.09,14.0,11.0,4.0,0.0
766,xcpot.F90,9.0,9.0,0.0,59.0,8.0,42.0,10.0,5.0,0.0,1.0,1.0,383.0,44.0,215.0,58.0,156.0,134.0,193.0,29.0,164.0,47.0,47.0,1.0,9.0,0.62,47.0,47.0,1.0,0.0
767,mknormpath.F90,8.0,8.0,1.0,98.0,12.0,69.0,17.0,1.0,0.0,1.0,1.0,152.0,16.0,71.0,19.0,51.0,67.0,55.0,16.0,39.0,8.0,8.0,1.0,3.0,0.94,8.0,8.0,1.0,0.0
768,m_gpu_detect.F90,3.0,3.0,2.0,59.0,12.0,31.0,19.0,2.0,1.0,1.0,2.0,221.0,41.0,77.0,30.0,15.0,114.0,46.0,27.0,19.0,6.0,6.0,3.0,2.0,1.48,7.0,7.0,4.0,0.0
769,initmv.F90,26.0,26.0,10.0,242.0,60.0,146.0,42.0,1.0,0.0,1.0,1.0,310.0,63.0,148.0,42.0,105.0,107.0,132.0,26.0,106.0,26.0,26.0,10.0,6.0,0.72,26.0,26.0,10.0,0.0
770,psp1lo.F90,5.0,5.0,0.0,66.0,8.0,32.0,25.0,2.0,0.0,1.0,1.0,184.0,21.0,67.0,19.0,47.0,98.0,65.0,17.0,48.0,11.0,11.0,1.0,2.0,1.46,11.0,11.0,1.0,0.0
771,fftprof.F90,45.0,45.0,5.0,449.0,68.0,296.0,94.0,1.0,0.0,1.0,1.0,525.0,71.0,298.0,69.0,226.0,167.0,297.0,54.0,243.0,45.0,45.0,5.0,4.0,0.56,45.0,45.0,5.0,0.0
772,ptg_Cs.F90,2.0,2.0,1.0,58.0,7.0,39.0,12.0,1.0,0.0,1.0,1.0,98.0,11.0,41.0,18.0,22.0,48.0,34.0,11.0,23.0,2.0,2.0,1.0,1.0,1.17,2.0,2.0,1.0,0.0
773,gammapositron.F90,24.0,24.0,1.0,186.0,32.0,123.0,39.0,1.0,0.0,1.0,1.0,245.0,35.0,125.0,29.0,95.0,95.0,131.0,17.0,114.0,24.0,24.0,1.0,4.0,0.76,24.0,24.0,1.0,0.0
774,test_ftgkk.F90,3.0,3.0,0.0,31.0,6.0,19.0,6.0,2.0,0.0,1.0,1.0,110.0,16.0,40.0,16.0,23.0,56.0,33.0,13.0,20.0,6.0,6.0,1.0,3.0,1.40,6.0,6.0,1.0,0.0
775,gwls_lineqsolver.F90,23.0,23.0,5.0,372.0,68.0,218.0,108.0,2.0,1.0,1.0,2.0,857.0,156.0,457.0,131.0,325.0,292.0,400.0,69.0,331.0,41.0,41.0,7.0,4.0,0.64,47.0,47.0,11.0,0.0
776,pspheads_comm.F90,3.0,3.0,1.0,160.0,30.0,108.0,22.0,1.0,0.0,1.0,1.0,199.0,33.0,110.0,12.0,2.0,58.0,15.0,11.0,4.0,3.0,3.0,1.0,1.0,0.53,3.0,3.0,1.0,0.0
777,dfpt_dyout.F90,292.0,292.0,1.0,1249.0,72.0,1112.0,79.0,1.0,0.0,1.0,1.0,1364.0,77.0,1114.0,38.0,1075.0,189.0,1006.0,31.0,975.0,292.0,292.0,1.0,10.0,0.17,292.0,292.0,1.0,0.0
778,xcpzca.F90,9.0,9.0,1.0,118.0,10.0,79.0,31.0,1.0,0.0,1.0,1.0,165.0,14.0,81.0,20.0,60.0,74.0,68.0,16.0,52.0,9.0,9.0,1.0,3.0,0.91,9.0,9.0,1.0,0.0
779,zdotu.f,7.0,7.0,3.0,53.0,0.0,26.0,27.0,1.0,0.0,1.0,1.0,53.0,0.0,26.0,6.0,20.0,27.0,30.0,6.0,24.0,7.0,7.0,3.0,1.0,1.04,7.0,7.0,3.0,0.0
780,opernl4a.F90,45.0,36.0,0.0,471.0,54.0,342.0,76.0,2.0,0.0,1.0,1.0,1031.0,112.0,687.0,43.0,643.0,238.0,1029.0,28.0,1001.0,90.0,72.0,1.0,8.0,0.35,90.0,72.0,1.0,0.0
781,distrb2_hf.F90,16.0,16.0,1.0,176.0,22.0,59.0,95.0,1.0,0.0,1.0,1.0,230.0,26.0,61.0,15.0,45.0,145.0,55.0,11.0,44.0,16.0,16.0,1.0,3.0,2.38,16.0,16.0,1.0,0.0
782,calc_smeared_density.F90,10.0,9.0,6.0,140.0,26.0,85.0,31.0,1.0,0.0,1.0,1.0,201.0,30.0,87.0,40.0,46.0,88.0,68.0,24.0,44.0,10.0,9.0,6.0,4.0,1.01,10.0,9.0,6.0,0.0
783,m_pawhr.F90,9.0,9.0,3.0,102.0,19.0,65.0,22.0,5.0,1.0,1.0,5.0,780.0,128.0,355.0,127.0,227.0,322.0,334.0,105.0,229.0,17.0,17.0,7.0,8.0,0.91,49.0,49.0,16.0,0.0
784,symredcart.F90,7.0,7.0,1.0,49.0,9.0,29.0,11.0,1.0,0.0,1.0,1.0,93.0,13.0,31.0,12.0,18.0,51.0,29.0,11.0,18.0,7.0,7.0,1.0,3.0,1.65,7.0,7.0,1.0,0.0
785,getcgqphase.F90,13.0,13.0,4.0,170.0,26.0,117.0,29.0,1.0,0.0,1.0,1.0,217.0,31.0,119.0,48.0,70.0,71.0,100.0,35.0,65.0,13.0,13.0,4.0,5.0,0.60,13.0,13.0,4.0,0.0
786,get_dos_1band.F90,4.0,4.0,1.0,54.0,10.0,30.0,14.0,1.0,0.0,1.0,1.0,98.0,14.0,32.0,16.0,15.0,54.0,26.0,13.0,13.0,4.0,4.0,1.0,3.0,1.69,4.0,4.0,1.0,0.0
787,m_gemm_nonlop.F90,9.0,9.0,0.0,81.0,10.0,60.0,11.0,5.0,1.0,1.0,4.0,582.0,74.0,326.0,135.0,190.0,188.0,267.0,93.0,174.0,30.0,30.0,1.0,6.0,0.58,47.0,47.0,4.0,0.0
788,hartre.F90,10.0,10.0,0.0,68.0,10.0,47.0,12.0,3.0,0.0,1.0,1.0,261.0,34.0,144.0,38.0,105.0,90.0,153.0,29.0,124.0,32.0,32.0,1.0,6.0,0.62,32.0,32.0,1.0,0.0
789,prt_gkk_yambo.F90,16.0,16.0,1.0,172.0,24.0,119.0,37.0,1.0,0.0,1.0,1.0,222.0,28.0,121.0,20.0,100.0,83.0,112.0,18.0,94.0,16.0,16.0,1.0,5.0,0.69,16.0,16.0,1.0,0.0
790,dzgefa.F90,12.0,12.0,1.0,136.0,6.0,58.0,72.0,1.0,0.0,1.0,1.0,173.0,9.0,60.0,10.0,49.0,106.0,69.0,9.0,60.0,12.0,12.0,1.0,3.0,1.77,12.0,12.0,1.0,0.0
791,prcrskerker2.F90,5.0,5.0,0.0,73.0,6.0,45.0,30.0,4.0,0.0,1.0,1.0,348.0,30.0,182.0,33.0,148.0,171.0,146.0,32.0,114.0,21.0,21.0,1.0,6.0,0.94,21.0,21.0,1.0,0.0
792,mkcore.F90,13.0,13.0,1.0,121.0,22.0,71.0,28.0,4.0,0.0,1.0,2.0,541.0,89.0,285.0,49.0,235.0,172.0,261.0,38.0,223.0,52.0,52.0,5.0,0.0,0.60,53.0,53.0,6.0,0.0
793,m_pretty_rec.F90,3.0,3.0,1.0,32.0,4.0,17.0,10.0,3.0,1.0,1.0,3.0,217.0,33.0,68.0,37.0,30.0,120.0,66.0,35.0,31.0,6.0,6.0,1.0,2.0,1.76,10.0,10.0,3.0,0.0
794,pspnl_hgh_rec.F90,12.0,9.0,1.0,203.0,39.0,116.0,52.0,1.0,0.0,1.0,1.0,263.0,42.0,118.0,42.0,75.0,109.0,104.0,27.0,77.0,12.0,9.0,1.0,5.0,0.92,12.0,9.0,1.0,0.0
795,m_FFTHyb.F90,3.0,3.0,1.0,36.0,6.0,22.0,7.0,6.0,1.0,1.0,6.0,495.0,60.0,154.0,71.0,76.0,283.0,153.0,70.0,83.0,6.0,6.0,1.0,3.0,1.84,22.0,22.0,6.0,0.0
796,irrzg.F90,45.0,45.0,1.0,377.0,53.0,229.0,98.0,1.0,0.0,1.0,1.0,437.0,56.0,231.0,43.0,187.0,155.0,190.0,22.0,168.0,45.0,45.0,1.0,12.0,0.67,45.0,45.0,1.0,0.0
797,dfptff_die.F90,14.0,14.0,1.0,137.0,21.0,98.0,25.0,1.0,0.0,1.0,1.0,198.0,24.0,100.0,33.0,66.0,83.0,88.0,23.0,65.0,14.0,14.0,1.0,5.0,0.83,14.0,14.0,1.0,0.0
798,eliashberg_1d.F90,5.0,5.0,1.0,71.0,14.0,37.0,23.0,8.0,0.0,6.0,6.0,813.0,127.0,299.0,94.0,204.0,411.0,276.0,85.0,191.0,11.0,11.0,4.0,4.0,1.37,43.0,43.0,9.0,0.0
799,setup1.F90,8.0,8.0,1.0,108.0,14.0,72.0,22.0,1.0,0.0,1.0,1.0,172.0,18.0,74.0,29.0,44.0,82.0,62.0,24.0,38.0,8.0,8.0,1.0,2.0,1.11,8.0,8.0,1.0,0.0
800,wvl_descr_atoms_set.F90,2.0,2.0,1.0,78.0,18.0,40.0,20.0,1.0,0.0,1.0,1.0,123.0,20.0,42.0,13.0,1.0,63.0,13.0,11.0,2.0,2.0,2.0,1.0,1.0,1.50,2.0,2.0,1.0,0.0
801,lobpcgwf.F90,60.0,60.0,6.0,602.0,73.0,463.0,68.0,2.0,0.0,1.0,2.0,1254.0,147.0,924.0,186.0,736.0,189.0,718.0,65.0,653.0,120.0,120.0,11.0,0.0,0.20,121.0,121.0,12.0,0.0
802,posdopspectra.F90,13.0,13.0,4.0,142.0,20.0,105.0,18.0,4.0,0.0,4.0,4.0,611.0,90.0,421.0,62.0,358.0,107.0,447.0,62.0,385.0,31.0,31.0,11.0,4.0,0.25,55.0,55.0,17.0,0.0
803,prtposcar.F90,17.0,17.0,7.0,113.0,14.0,80.0,21.0,1.0,0.0,1.0,1.0,159.0,18.0,82.0,27.0,54.0,63.0,80.0,24.0,56.0,17.0,17.0,7.0,3.0,0.77,17.0,17.0,7.0,0.0
804,dfptff_ebp.F90,27.0,27.0,1.0,248.0,49.0,176.0,33.0,1.0,0.0,1.0,1.0,309.0,53.0,178.0,34.0,143.0,90.0,154.0,22.0,132.0,27.0,27.0,1.0,5.0,0.51,27.0,27.0,1.0,0.0
805,mkresi.F90,12.0,12.0,3.0,138.0,22.0,92.0,26.0,1.0,0.0,1.0,1.0,185.0,25.0,94.0,37.0,56.0,70.0,81.0,27.0,54.0,12.0,12.0,3.0,4.0,0.74,12.0,12.0,3.0,0.0
806,dfptnl_loop.F90,51.0,51.0,1.0,582.0,85.0,452.0,63.0,1.0,0.0,1.0,1.0,676.0,89.0,454.0,108.0,345.0,153.0,308.0,59.0,249.0,51.0,51.0,1.0,12.0,0.34,51.0,51.0,1.0,0.0
807,inarray.F90,13.0,13.0,5.0,93.0,14.0,53.0,28.0,2.0,0.0,1.0,1.0,249.0,32.0,109.0,23.0,85.0,115.0,106.0,20.0,86.0,27.0,27.0,10.0,5.0,1.06,27.0,27.0,10.0,0.0
808,get_kpt_fullbz.F90,18.0,18.0,14.0,123.0,17.0,77.0,29.0,1.0,0.0,1.0,1.0,164.0,20.0,79.0,25.0,53.0,67.0,81.0,18.0,63.0,18.0,18.0,14.0,5.0,0.85,18.0,18.0,14.0,0.0
809,polcart.F90,8.0,8.0,1.0,131.0,21.0,73.0,41.0,1.0,0.0,1.0,1.0,199.0,24.0,75.0,16.0,58.0,106.0,57.0,14.0,43.0,8.0,8.0,1.0,2.0,1.41,8.0,8.0,1.0,0.0
810,getshell.F90,63.0,63.0,7.0,620.0,81.0,360.0,188.0,1.0,0.0,1.0,1.0,708.0,85.0,362.0,48.0,313.0,272.0,317.0,30.0,287.0,63.0,63.0,7.0,8.0,0.75,63.0,63.0,7.0,0.0
811,dfpt_eltfrloc.F90,2.0,2.0,1.0,40.0,7.0,19.0,12.0,14.0,0.0,1.0,11.0,473.0,81.0,218.0,76.0,141.0,180.0,202.0,70.0,132.0,27.0,27.0,7.0,0.0,0.83,37.0,37.0,17.0,0.0
812,pred_srkna14.F90,19.0,19.0,1.0,237.0,42.0,151.0,47.0,1.0,0.0,1.0,1.0,299.0,46.0,153.0,33.0,119.0,105.0,148.0,32.0,116.0,19.0,19.0,1.0,3.0,0.69,19.0,19.0,1.0,0.0
813,psichi_renormalization.F90,24.0,24.0,1.0,316.0,43.0,204.0,86.0,2.0,0.0,1.0,2.0,454.0,63.0,257.0,66.0,190.0,159.0,236.0,52.0,184.0,31.0,31.0,1.0,10.0,0.62,48.0,48.0,2.0,0.0
814,prtocc.F90,48.0,48.0,1.0,223.0,20.0,169.0,34.0,1.0,0.0,1.0,1.0,270.0,24.0,171.0,26.0,144.0,77.0,165.0,23.0,142.0,48.0,48.0,1.0,7.0,0.45,48.0,48.0,1.0,0.0
815,ftgkk.F90,24.0,24.0,1.0,211.0,32.0,119.0,61.0,1.0,0.0,1.0,1.0,288.0,36.0,121.0,25.0,95.0,134.0,97.0,21.0,76.0,24.0,24.0,1.0,7.0,1.11,24.0,24.0,1.0,0.0
816,wvl_wfsinp_disk.F90,2.0,2.0,1.0,132.0,23.0,58.0,51.0,1.0,0.0,1.0,1.0,183.0,26.0,60.0,26.0,2.0,99.0,26.0,24.0,2.0,2.0,2.0,1.0,1.0,1.65,2.0,2.0,1.0,0.0
817,setrhoijpbe0.F90,58.0,58.0,5.0,319.0,47.0,224.0,56.0,1.0,0.0,1.0,1.0,371.0,50.0,226.0,50.0,175.0,105.0,218.0,32.0,186.0,58.0,58.0,5.0,8.0,0.46,58.0,58.0,5.0,0.0
818,calc_fc.F90,7.0,7.0,1.0,99.0,19.0,61.0,20.0,1.0,0.0,1.0,1.0,149.0,22.0,63.0,30.0,32.0,67.0,57.0,25.0,32.0,7.0,7.0,1.0,2.0,1.06,7.0,7.0,1.0,0.0
819,mati3det.F90,1.0,1.0,1.0,26.0,7.0,9.0,10.0,1.0,0.0,1.0,1.0,62.0,10.0,11.0,7.0,3.0,43.0,7.0,6.0,1.0,1.0,1.0,1.0,0.0,3.91,1.0,1.0,1.0,0.0
820,compute_kgb_indicator.F90,18.0,18.0,4.0,214.0,36.0,136.0,46.0,1.0,0.0,1.0,1.0,267.0,39.0,138.0,43.0,87.0,96.0,117.0,22.0,95.0,18.0,18.0,4.0,6.0,0.70,18.0,18.0,4.0,0.0
821,m_fftcore.F90,9.0,9.0,1.0,64.0,11.0,39.0,14.0,44.0,1.0,1.0,44.0,4231.0,680.0,1797.0,481.0,1307.0,1801.0,1909.0,425.0,1484.0,87.0,87.0,8.0,7.0,1.00,437.0,433.0,72.0,0.0
822,simple_j_dia.F90,6.0,6.0,1.0,74.0,14.0,45.0,18.0,1.0,0.0,1.0,1.0,108.0,18.0,47.0,20.0,26.0,48.0,44.0,15.0,29.0,6.0,6.0,1.0,3.0,1.02,6.0,6.0,1.0,0.0
823,math.f90,3.0,3.0,1.0,24.0,4.0,17.0,4.0,3.0,0.0,3.0,3.0,87.0,17.0,51.0,21.0,30.0,21.0,51.0,21.0,30.0,4.0,4.0,1.0,3.0,0.41,9.0,9.0,3.0,0.0
824,outelph.F90,34.0,34.0,9.0,348.0,58.0,243.0,64.0,1.0,0.0,1.0,1.0,386.0,61.0,245.0,32.0,212.0,99.0,197.0,22.0,175.0,34.0,34.0,9.0,5.0,0.40,34.0,34.0,9.0,0.0
825,fappnd.F90,10.0,10.0,1.0,67.0,8.0,44.0,16.0,1.0,0.0,1.0,1.0,113.0,12.0,46.0,17.0,28.0,58.0,39.0,14.0,25.0,10.0,10.0,1.0,3.0,1.26,10.0,10.0,1.0,0.0
826,macroin2.F90,5.0,5.0,3.0,46.0,12.0,20.0,17.0,1.0,0.0,1.0,1.0,93.0,16.0,22.0,10.0,11.0,60.0,21.0,9.0,12.0,5.0,5.0,3.0,3.0,2.73,5.0,5.0,3.0,0.0
827,symlist_others.F90,34.0,32.0,1.0,129.0,32.0,77.0,22.0,1.0,0.0,1.0,1.0,176.0,36.0,79.0,10.0,68.0,65.0,104.0,9.0,95.0,34.0,32.0,1.0,3.0,0.82,34.0,32.0,1.0,0.0
828,cchi0q0.F90,62.0,60.0,14.0,467.0,58.0,335.0,96.0,2.0,0.0,1.0,1.0,1056.0,119.0,673.0,210.0,458.0,310.0,560.0,108.0,452.0,125.0,121.0,28.0,13.0,0.46,125.0,121.0,28.0,0.0
829,psp5in.F90,40.0,40.0,18.0,256.0,34.0,163.0,62.0,2.0,0.0,1.0,1.0,589.0,71.0,329.0,69.0,259.0,199.0,264.0,30.0,234.0,80.0,80.0,36.0,5.0,0.60,80.0,80.0,36.0,0.0
830,jacobi.F90,20.0,20.0,3.0,104.0,4.0,93.0,7.0,1.0,0.0,1.0,1.0,146.0,7.0,95.0,10.0,84.0,46.0,94.0,9.0,85.0,20.0,20.0,3.0,6.0,0.48,20.0,20.0,3.0,0.0
831,exc_build_ham.F90,10.0,10.0,4.0,136.0,22.0,85.0,33.0,3.0,0.0,2.0,2.0,504.0,72.0,258.0,125.0,118.0,189.0,210.0,91.0,119.0,23.0,23.0,8.0,6.0,0.73,30.0,30.0,12.0,0.0
832,psp8nl.F90,20.0,20.0,1.0,185.0,24.0,130.0,35.0,1.0,0.0,1.0,1.0,258.0,27.0,132.0,28.0,103.0,105.0,115.0,18.0,97.0,20.0,20.0,1.0,5.0,0.80,20.0,20.0,1.0,0.0
833,m_kptrank.F90,6.0,6.0,1.0,53.0,11.0,28.0,13.0,5.0,1.0,1.0,5.0,462.0,88.0,166.0,58.0,95.0,215.0,169.0,57.0,112.0,16.0,16.0,5.0,4.0,1.30,30.0,30.0,9.0,0.0
834,band2eps.F90,24.0,24.0,1.0,441.0,76.0,280.0,93.0,1.0,0.0,1.0,1.0,479.0,80.0,282.0,28.0,252.0,127.0,261.0,19.0,242.0,24.0,24.0,1.0,5.0,0.45,24.0,24.0,1.0,0.0
835,cont3.F90,3.0,3.0,1.0,195.0,25.0,145.0,25.0,1.0,0.0,1.0,1.0,245.0,29.0,147.0,10.0,136.0,71.0,52.0,9.0,43.0,3.0,3.0,1.0,1.0,0.48,3.0,3.0,1.0,0.0
836,gstateimg.F90,27.0,27.0,3.0,238.0,31.0,179.0,38.0,2.0,0.0,1.0,1.0,604.0,66.0,360.0,109.0,249.0,201.0,305.0,71.0,234.0,54.0,54.0,6.0,5.0,0.56,54.0,54.0,6.0,0.0
837,mati3inv.F90,3.0,3.0,1.0,59.0,11.0,35.0,13.0,1.0,0.0,1.0,1.0,105.0,14.0,37.0,14.0,22.0,56.0,29.0,11.0,18.0,3.0,3.0,1.0,1.0,1.51,3.0,3.0,1.0,0.0
838,sygrad.F90,6.0,6.0,1.0,51.0,8.0,29.0,14.0,1.0,0.0,1.0,1.0,114.0,12.0,31.0,13.0,17.0,73.0,28.0,12.0,16.0,6.0,6.0,1.0,4.0,2.35,6.0,6.0,1.0,0.0
839,subdiago.F90,8.0,8.0,1.0,84.0,15.0,53.0,15.0,3.0,0.0,1.0,3.0,282.0,44.0,154.0,51.0,102.0,86.0,125.0,28.0,97.0,22.0,22.0,1.0,0.0,0.56,24.0,24.0,3.0,0.0
840,optics_paw.F90,26.0,26.0,5.0,236.0,33.0,165.0,46.0,2.0,0.0,1.0,1.0,535.0,69.0,333.0,91.0,241.0,152.0,289.0,51.0,238.0,52.0,52.0,11.0,10.0,0.46,52.0,52.0,11.0,0.0
841,dotprodm_v.F90,21.0,21.0,1.0,126.0,15.0,92.0,20.0,1.0,0.0,1.0,1.0,201.0,19.0,94.0,24.0,69.0,91.0,85.0,17.0,68.0,21.0,21.0,1.0,6.0,0.97,21.0,21.0,1.0,0.0
842,dfpt_accrho.F90,44.0,44.0,1.0,381.0,38.0,287.0,80.0,1.0,0.0,1.0,1.0,465.0,41.0,289.0,73.0,215.0,161.0,247.0,46.0,201.0,44.0,44.0,1.0,7.0,0.56,44.0,44.0,1.0,0.0
843,psp3in.F90,28.0,28.0,6.0,215.0,30.0,167.0,18.0,2.0,0.0,1.0,1.0,505.0,63.0,337.0,44.0,291.0,108.0,295.0,28.0,267.0,56.0,56.0,12.0,5.0,0.32,56.0,56.0,12.0,0.0
844,gp1cc.F90,5.0,5.0,1.0,59.0,8.0,36.0,15.0,1.0,0.0,1.0,1.0,102.0,12.0,38.0,20.0,17.0,54.0,36.0,19.0,17.0,5.0,5.0,1.0,1.0,1.42,5.0,5.0,1.0,0.0
845,dfpt_mkffkg.F90,79.0,79.0,1.0,525.0,41.0,383.0,101.0,1.0,0.0,1.0,1.0,592.0,45.0,385.0,18.0,366.0,164.0,397.0,15.0,382.0,79.0,79.0,1.0,8.0,0.43,79.0,79.0,1.0,0.0
846,symkchk.F90,23.0,23.0,11.0,130.0,21.0,82.0,27.0,1.0,0.0,1.0,1.0,178.0,25.0,84.0,18.0,65.0,71.0,76.0,14.0,62.0,23.0,23.0,11.0,7.0,0.85,23.0,23.0,11.0,0.0
847,psp2in.F90,8.0,8.0,2.0,87.0,11.0,61.0,16.0,2.0,0.0,1.0,1.0,253.0,25.0,124.0,37.0,85.0,107.0,107.0,27.0,80.0,16.0,16.0,4.0,4.0,0.86,16.0,16.0,4.0,0.0
848,paw2wvl_ij.F90,2.0,2.0,1.0,101.0,15.0,68.0,18.0,1.0,0.0,1.0,1.0,140.0,18.0,70.0,14.0,1.0,54.0,13.0,11.0,2.0,2.0,2.0,1.0,1.0,0.77,2.0,2.0,1.0,0.0
849,size_dvxc.F90,24.0,24.0,1.0,100.0,15.0,58.0,30.0,1.0,0.0,1.0,1.0,146.0,19.0,60.0,11.0,48.0,72.0,68.0,10.0,58.0,24.0,24.0,1.0,3.0,1.20,24.0,24.0,1.0,0.0
850,mka2f.F90,16.0,16.0,3.0,255.0,45.0,169.0,58.0,2.0,0.0,1.0,1.0,565.0,93.0,341.0,93.0,247.0,167.0,295.0,52.0,243.0,32.0,32.0,6.0,5.0,0.49,32.0,32.0,6.0,0.0
851,setup_positron.F90,72.0,72.0,0.0,348.0,23.0,276.0,53.0,2.0,0.0,1.0,1.0,805.0,50.0,554.0,128.0,425.0,212.0,503.0,86.0,417.0,144.0,144.0,1.0,7.0,0.38,144.0,144.0,1.0,0.0
852,dfpt_mkrho.F90,33.0,33.0,11.0,438.0,74.0,283.0,110.0,1.0,0.0,1.0,1.0,514.0,78.0,285.0,94.0,190.0,182.0,234.0,48.0,186.0,33.0,33.0,11.0,10.0,0.64,33.0,33.0,11.0,0.0
853,psp1in.F90,17.0,17.0,8.0,170.0,29.0,96.0,46.0,2.0,0.0,1.0,1.0,424.0,61.0,194.0,57.0,136.0,174.0,147.0,26.0,121.0,34.0,34.0,17.0,4.0,0.90,34.0,34.0,17.0,0.0
854,dtfil_init_img.F90,23.0,23.0,1.0,89.0,14.0,59.0,25.0,1.0,0.0,1.0,1.0,136.0,17.0,61.0,16.0,44.0,69.0,66.0,13.0,53.0,23.0,23.0,1.0,4.0,1.13,23.0,23.0,1.0,0.0
855,m_paral_atom.F90,5.0,5.0,1.0,47.0,8.0,24.0,14.0,5.0,0.0,0.0,5.0,1.0,0.0,0.0,0.0,0.0,1.0,0.0,0.0,0.0,13.0,13.0,1.0,6.0,0.00,28.0,28.0,5.0,0.0
856,dfpt_phfrq.F90,40.0,40.0,1.0,271.0,35.0,167.0,70.0,1.0,0.0,1.0,1.0,345.0,39.0,169.0,32.0,136.0,140.0,159.0,21.0,138.0,40.0,40.0,1.0,5.0,0.83,40.0,40.0,1.0,0.0
857,m_results_img.F90,12.0,12.0,2.0,104.0,16.0,71.0,18.0,9.0,1.0,1.0,9.0,1344.0,203.0,682.0,217.0,464.0,474.0,600.0,128.0,472.0,22.0,22.0,4.0,4.0,0.70,113.0,113.0,18.0,0.0
858,contstr26.F90,13.0,13.0,1.0,937.0,15.0,901.0,21.0,1.0,0.0,1.0,1.0,991.0,18.0,903.0,17.0,885.0,72.0,193.0,14.0,179.0,13.0,13.0,1.0,2.0,0.08,13.0,13.0,1.0,0.0
859,prcref.F90,34.0,34.0,0.0,257.0,25.0,197.0,37.0,2.0,0.0,1.0,1.0,648.0,53.0,397.0,137.0,259.0,206.0,320.0,64.0,256.0,68.0,68.0,1.0,6.0,0.52,68.0,68.0,1.0,0.0
860,m_iterators.F90,2.0,2.0,1.0,28.0,7.0,11.0,8.0,10.0,1.0,1.0,10.0,654.0,139.0,178.0,127.0,44.0,349.0,173.0,121.0,52.0,7.0,7.0,1.0,2.0,1.96,23.0,23.0,10.0,0.0
861,drvaim.F90,6.0,6.0,0.0,108.0,20.0,64.0,24.0,2.0,0.0,1.0,1.0,264.0,44.0,130.0,46.0,83.0,92.0,102.0,21.0,81.0,13.0,13.0,1.0,2.0,0.71,13.0,13.0,1.0,0.0
862,m_initcuda.F90,2.0,2.0,1.0,50.0,7.0,27.0,17.0,9.0,1.0,1.0,9.0,644.0,97.0,239.0,89.0,33.0,324.0,124.0,79.0,45.0,8.0,8.0,3.0,4.0,1.36,21.0,21.0,11.0,0.0
863,strainsym.F90,2.0,2.0,1.0,79.0,20.0,25.0,34.0,1.0,0.0,1.0,1.0,122.0,24.0,27.0,15.0,11.0,73.0,25.0,14.0,11.0,2.0,2.0,1.0,1.0,2.70,2.0,2.0,1.0,0.0
864,prtene.F90,36.0,36.0,1.0,320.0,28.0,236.0,57.0,1.0,0.0,1.0,1.0,367.0,32.0,238.0,19.0,211.0,100.0,175.0,18.0,157.0,36.0,36.0,1.0,4.0,0.42,36.0,36.0,1.0,0.0
865,density_rec.F90,4.0,4.0,4.0,93.0,16.0,50.0,28.0,1.0,0.0,1.0,1.0,148.0,21.0,52.0,24.0,27.0,78.0,48.0,21.0,27.0,4.0,4.0,4.0,3.0,1.50,4.0,4.0,4.0,0.0
866,write_var_netcdf.F90,1.0,1.0,1.0,74.0,9.0,43.0,22.0,1.0,0.0,1.0,1.0,116.0,12.0,45.0,13.0,0.0,61.0,12.0,12.0,0.0,1.0,1.0,1.0,0.0,1.36,1.0,1.0,1.0,0.0
867,getkpgnorm.F90,2.0,2.0,1.0,59.0,12.0,32.0,16.0,1.0,0.0,1.0,1.0,101.0,16.0,34.0,13.0,20.0,54.0,34.0,12.0,22.0,2.0,2.0,1.0,1.0,1.59,2.0,2.0,1.0,0.0
868,prttagm.F90,41.0,41.0,0.0,165.0,19.0,118.0,31.0,2.0,0.0,1.0,1.0,419.0,43.0,239.0,52.0,178.0,146.0,259.0,44.0,215.0,83.0,83.0,1.0,8.0,0.61,83.0,83.0,1.0,0.0
869,m_dtset.F90,34.0,34.0,1.0,509.0,47.0,445.0,17.0,2.0,1.0,1.0,2.0,1110.0,111.0,904.0,88.0,811.0,98.0,834.0,21.0,813.0,65.0,65.0,1.0,1.0,0.11,68.0,68.0,2.0,0.0
870,gwls_ComputePoles.F90,12.0,12.0,3.0,153.0,41.0,86.0,44.0,4.0,1.0,1.0,5.0,782.0,190.0,382.0,128.0,253.0,282.0,351.0,109.0,242.0,27.0,27.0,9.0,4.0,0.74,48.0,48.0,12.0,0.0
871,xmpi_alltoall.finc,1.0,1.0,1.0,36.0,8.0,16.0,11.0,3.0,0.0,3.0,3.0,162.0,32.0,48.0,24.0,6.0,82.0,30.0,24.0,6.0,1.0,1.0,1.0,0.0,1.71,3.0,3.0,3.0,0.0
872,calc_b_matrix.F90,3.0,3.0,0.0,70.0,12.0,39.0,18.0,7.0,0.0,6.0,6.0,637.0,103.0,277.0,67.0,209.0,258.0,249.0,67.0,182.0,5.0,5.0,1.0,1.0,0.93,26.0,26.0,6.0,0.0
873,dfpt_eltfrkin.F90,5.0,5.0,3.0,79.0,20.0,48.0,12.0,2.0,0.0,1.0,1.0,221.0,44.0,98.0,44.0,53.0,83.0,84.0,29.0,55.0,10.0,10.0,6.0,4.0,0.85,10.0,10.0,6.0,0.0
874,lebedev_laikov.F90,0.0,0.0,0.0,112.0,2.0,84.0,26.0,65.0,0.0,33.0,33.0,7375.0,135.0,5475.0,363.0,5111.0,1767.0,5472.0,361.0,5111.0,7.0,2.0,7.0,1.0,0.32,39.0,34.0,39.0,0.0
875,m_io_tools.F90,3.0,3.0,1.0,33.0,7.0,15.0,9.0,28.0,1.0,1.0,28.0,1649.0,320.0,503.0,214.0,278.0,868.0,535.0,213.0,322.0,9.0,9.0,7.0,4.0,1.73,104.0,100.0,52.0,0.0
876,m_GreenHyb.F90,6.0,6.0,1.0,63.0,7.0,43.0,13.0,13.0,1.0,1.0,13.0,1369.0,137.0,620.0,185.0,373.0,633.0,597.0,184.0,413.0,26.0,26.0,1.0,5.0,1.02,83.0,83.0,13.0,0.0
877,m_paw_finegrid.F90,18.0,18.0,1.0,134.0,16.0,92.0,30.0,27.0,0.0,0.0,25.0,2.0,1.0,1.0,1.0,0.0,0.0,1.0,1.0,0.0,279.0,275.0,6.0,8.0,0.00,511.0,507.0,33.0,0.0
878,xcden.F90,7.0,7.0,0.0,48.0,6.0,34.0,8.0,5.0,0.0,1.0,1.0,303.0,37.0,173.0,51.0,121.0,99.0,156.0,27.0,129.0,36.0,36.0,1.0,9.0,0.57,36.0,36.0,1.0,0.0
879,get_nv_fs_en.F90,16.0,16.0,0.0,240.0,45.0,181.0,25.0,2.0,0.0,1.0,1.0,549.0,93.0,364.0,66.0,297.0,117.0,294.0,36.0,258.0,32.0,32.0,1.0,5.0,0.32,32.0,32.0,1.0,0.0
880,smatrix.F90,25.0,25.0,0.0,249.0,45.0,121.0,91.0,2.0,0.0,1.0,1.0,607.0,94.0,244.0,40.0,203.0,289.0,202.0,25.0,177.0,51.0,51.0,1.0,8.0,1.18,51.0,51.0,1.0,0.0
881,vso_realspace_local.F90,25.0,25.0,11.0,274.0,45.0,163.0,78.0,1.0,0.0,1.0,1.0,313.0,48.0,165.0,45.0,119.0,114.0,134.0,25.0,109.0,25.0,25.0,11.0,6.0,0.69,25.0,25.0,11.0,0.0
882,WffReadEigK.F90,1.0,1.0,1.0,58.0,13.0,27.0,18.0,1.0,0.0,1.0,1.0,112.0,16.0,29.0,22.0,6.0,69.0,24.0,17.0,7.0,1.0,1.0,1.0,0.0,2.38,1.0,1.0,1.0,0.0
883,fred2fcart.F90,5.0,5.0,1.0,50.0,9.0,25.0,16.0,1.0,0.0,1.0,1.0,97.0,13.0,27.0,12.0,14.0,59.0,24.0,11.0,13.0,5.0,5.0,1.0,2.0,2.19,5.0,5.0,1.0,0.0
884,m_lebedev.F90,7.0,2.0,1.0,39.0,8.0,23.0,8.0,6.0,1.0,1.0,6.0,596.0,86.0,195.0,97.0,97.0,321.0,148.0,51.0,97.0,34.0,3.0,1.0,2.0,1.65,47.0,16.0,6.0,0.0
885,dfpt_atm2fft.F90,91.0,91.0,1.0,558.0,69.0,431.0,73.0,1.0,0.0,1.0,1.0,660.0,72.0,433.0,76.0,356.0,172.0,424.0,49.0,375.0,91.0,91.0,1.0,11.0,0.40,91.0,91.0,1.0,0.0
886,getngrec.F90,22.0,22.0,7.0,163.0,22.0,110.0,34.0,2.0,0.0,1.0,2.0,353.0,44.0,210.0,31.0,178.0,107.0,198.0,26.0,172.0,43.0,43.0,13.0,0.0,0.51,44.0,44.0,14.0,0.0
887,m_xc_vdw.F90,0.0,0.0,0.0,0.0,0.0,0.0,0.0,0.0,1.0,1.0,0.0,3609.0,595.0,1615.0,13.0,0.0,1426.0,11.0,11.0,0.0,0.0,0.0,0.0,0.0,0.88,0.0,0.0,0.0,0.0
889,xchybrid_ncpp_cc.F90,4.0,4.0,2.0,62.0,10.0,39.0,13.0,2.0,0.0,1.0,1.0,182.0,24.0,81.0,38.0,42.0,81.0,68.0,24.0,44.0,8.0,8.0,5.0,2.0,1.00,8.0,8.0,5.0,0.0
890,m_qparticles.F90,18.0,18.0,4.0,139.0,23.0,98.0,23.0,5.0,1.0,1.0,5.0,981.0,142.0,520.0,175.0,344.0,357.0,465.0,119.0,346.0,29.0,29.0,8.0,8.0,0.69,91.0,91.0,24.0,0.0
891,ptg_C4.F90,2.0,2.0,1.0,88.0,9.0,67.0,12.0,1.0,0.0,1.0,1.0,128.0,13.0,69.0,20.0,48.0,48.0,60.0,11.0,49.0,2.0,2.0,1.0,1.0,0.70,2.0,2.0,1.0,0.0
892,m_chi0.F90,18.0,16.0,2.0,140.0,21.0,84.0,41.0,14.0,1.0,1.0,14.0,2726.0,350.0,1216.0,347.0,858.0,1268.0,1137.0,261.0,876.0,44.0,42.0,12.0,9.0,1.04,255.0,234.0,31.0,0.0
893,denfgr.F90,21.0,20.0,4.0,232.0,31.0,167.0,52.0,2.0,0.0,1.0,1.0,537.0,65.0,337.0,91.0,245.0,174.0,302.0,59.0,243.0,42.0,41.0,9.0,8.0,0.52,42.0,41.0,9.0,0.0
894,cut3d.F90,153.0,142.0,25.0,878.0,96.0,688.0,106.0,1.0,0.0,1.0,1.0,924.0,99.0,690.0,82.0,604.0,149.0,657.0,39.0,618.0,153.0,142.0,25.0,10.0,0.22,153.0,142.0,25.0,0.0
895,chkprimit.F90,5.0,5.0,1.0,65.0,9.0,41.0,15.0,1.0,0.0,1.0,1.0,111.0,13.0,43.0,14.0,28.0,57.0,24.0,11.0,13.0,5.0,5.0,1.0,2.0,1.33,5.0,5.0,1.0,0.0
896,flib_pwscf.F90,2.0,2.0,2.0,35.0,3.0,15.0,17.0,4.0,1.0,1.0,4.0,186.0,19.0,65.0,33.0,31.0,103.0,63.0,31.0,32.0,3.0,3.0,3.0,2.0,1.58,11.0,11.0,10.0,0.0
897,out1dm.F90,13.0,12.0,4.0,86.0,12.0,66.0,14.0,3.0,0.0,1.0,1.0,311.0,40.0,200.0,43.0,156.0,92.0,188.0,29.0,159.0,41.0,37.0,14.0,6.0,0.46,41.0,37.0,14.0,0.0
898,psp1cc.F90,5.0,5.0,0.0,61.0,8.0,32.0,21.0,2.0,0.0,1.0,1.0,184.0,20.0,67.0,25.0,41.0,100.0,57.0,15.0,42.0,10.0,10.0,1.0,3.0,1.49,10.0,10.0,1.0,0.0
899,fourdp_6d.F90,7.0,7.0,0.0,49.0,10.0,32.0,10.0,2.0,0.0,1.0,1.0,151.0,23.0,66.0,21.0,44.0,69.0,59.0,15.0,44.0,15.0,15.0,1.0,4.0,1.05,15.0,15.0,1.0,0.0
900,dfpt_mkcore.F90,10.0,10.0,3.0,161.0,32.0,78.0,50.0,2.0,0.0,1.0,2.0,371.0,66.0,154.0,38.0,115.0,153.0,133.0,30.0,103.0,20.0,20.0,5.0,0.0,0.99,21.0,21.0,6.0,0.0
901,m_specialmsg.F90,2.0,2.0,1.0,26.0,8.0,9.0,8.0,3.0,1.0,1.0,3.0,209.0,46.0,42.0,27.0,14.0,127.0,47.0,26.0,21.0,5.0,5.0,1.0,2.0,3.02,8.0,8.0,3.0,0.0
902,stresssym.F90,3.0,3.0,0.0,42.0,7.0,26.0,9.0,2.0,0.0,1.0,1.0,131.0,18.0,54.0,15.0,38.0,61.0,51.0,14.0,37.0,7.0,7.0,1.0,4.0,1.13,7.0,7.0,1.0,0.0
903,getspin_1state.F90,1.0,1.0,0.0,35.0,6.0,17.0,12.0,2.0,0.0,1.0,1.0,110.0,17.0,36.0,17.0,18.0,59.0,30.0,16.0,14.0,2.0,2.0,1.0,1.0,1.64,2.0,2.0,1.0,0.0
904,susk.F90,55.0,55.0,7.0,517.0,48.0,364.0,108.0,1.0,0.0,1.0,1.0,639.0,52.0,366.0,120.0,245.0,226.0,294.0,60.0,234.0,55.0,55.0,7.0,8.0,0.62,55.0,55.0,7.0,0.0
905,setup_screening.F90,40.0,40.0,4.0,392.0,51.0,270.0,77.0,2.0,0.0,2.0,2.0,876.0,109.0,543.0,156.0,361.0,241.0,459.0,90.0,369.0,65.0,65.0,7.0,6.0,0.44,81.0,80.0,8.0,0.0
906,dfpt_newvtr.F90,61.0,61.0,1.0,340.0,33.0,274.0,36.0,1.0,0.0,1.0,1.0,440.0,36.0,276.0,71.0,204.0,133.0,252.0,40.0,212.0,61.0,61.0,1.0,6.0,0.48,61.0,61.0,1.0,0.0
907,mkdenpos.F90,18.0,18.0,1.0,117.0,18.0,72.0,30.0,1.0,0.0,1.0,1.0,182.0,22.0,74.0,17.0,56.0,91.0,67.0,14.0,53.0,18.0,18.0,1.0,6.0,1.23,18.0,18.0,1.0,0.0
908,uniformrandom.F90,4.0,4.0,1.0,68.0,10.0,40.0,18.0,1.0,0.0,1.0,1.0,102.0,13.0,42.0,17.0,24.0,49.0,41.0,15.0,26.0,4.0,4.0,1.0,2.0,1.17,4.0,4.0,1.0,0.0
909,m_pawxc.F90,42.0,42.0,1.0,248.0,27.0,166.0,65.0,20.0,0.0,15.0,20.0,5503.0,554.0,3196.0,292.0,2464.0,1968.0,3333.0,277.0,3056.0,143.0,143.0,9.0,12.0,0.62,857.0,857.0,35.0,0.0
910,nullify_wvl_data.F90,1.0,1.0,1.0,136.0,23.0,52.0,61.0,1.0,0.0,1.0,1.0,179.0,27.0,54.0,10.0,0.0,100.0,8.0,8.0,0.0,1.0,1.0,1.0,0.0,1.85,1.0,1.0,1.0,0.0
911,fxgkkphase.F90,6.0,6.0,1.0,70.0,10.0,34.0,26.0,1.0,0.0,1.0,1.0,110.0,14.0,36.0,14.0,21.0,62.0,32.0,13.0,19.0,6.0,6.0,1.0,5.0,1.72,6.0,6.0,1.0,0.0
912,fftur_driver.finc,0.0,0.0,0.0,0.0,0.0,0.0,0.0,0.0,0.0,0.0,0.0,86.0,15.0,57.0,15.0,42.0,18.0,59.0,8.0,51.0,0.0,0.0,0.0,0.0,0.32,0.0,0.0,0.0,0.0
913,test_md5_sum_from_file.F90,2.0,2.0,1.0,80.0,17.0,42.0,21.0,1.0,0.0,1.0,1.0,116.0,19.0,43.0,13.0,15.0,55.0,25.0,11.0,14.0,2.0,2.0,1.0,1.0,1.28,2.0,2.0,1.0,0.0
914,ctocprj.F90,34.0,34.0,3.0,237.0,20.0,192.0,31.0,2.0,0.0,1.0,1.0,571.0,44.0,387.0,131.0,255.0,154.0,340.0,51.0,289.0,68.0,68.0,6.0,5.0,0.40,68.0,68.0,6.0,0.0
915,fred2fdeloc.F90,2.0,2.0,1.0,48.0,12.0,23.0,13.0,1.0,0.0,1.0,1.0,92.0,16.0,25.0,14.0,10.0,53.0,21.0,13.0,8.0,2.0,2.0,1.0,1.0,2.12,2.0,2.0,1.0,0.0
916,predict_neb.F90,29.0,29.0,1.0,254.0,25.0,196.0,51.0,1.0,0.0,1.0,1.0,321.0,28.0,198.0,63.0,134.0,115.0,159.0,26.0,133.0,29.0,29.0,1.0,5.0,0.58,29.0,29.0,1.0,0.0
917,sytens.F90,40.0,40.0,10.0,216.0,57.0,128.0,34.0,1.0,0.0,1.0,1.0,273.0,61.0,130.0,16.0,113.0,87.0,132.0,13.0,119.0,40.0,40.0,10.0,13.0,0.67,40.0,40.0,10.0,0.0
918,m_cplxtools.F90,10.0,10.0,1.0,62.0,10.0,37.0,15.0,13.0,1.0,1.0,13.0,1290.0,191.0,536.0,177.0,345.0,570.0,628.0,162.0,466.0,26.0,26.0,1.0,5.0,1.06,138.0,138.0,13.0,0.0
919,dfpt_scfcv.F90,51.0,51.0,6.0,517.0,51.0,391.0,82.0,2.0,0.0,1.0,1.0,1230.0,105.0,785.0,237.0,540.0,357.0,613.0,145.0,468.0,103.0,103.0,12.0,5.0,0.45,103.0,103.0,12.0,0.0
920,rotmat.F90,5.0,5.0,1.0,83.0,17.0,49.0,17.0,1.0,0.0,1.0,1.0,130.0,21.0,51.0,17.0,33.0,60.0,37.0,13.0,24.0,5.0,5.0,1.0,1.0,1.18,5.0,5.0,1.0,0.0
921,metric_so.F90,4.0,4.0,1.0,89.0,10.0,30.0,51.0,1.0,0.0,1.0,1.0,149.0,14.0,32.0,10.0,21.0,107.0,30.0,9.0,21.0,4.0,4.0,1.0,3.0,3.34,4.0,4.0,1.0,0.0
922,m_xredistribute.F90,1.0,1.0,1.0,51.0,10.0,29.0,12.0,2.0,1.0,1.0,2.0,228.0,39.0,75.0,42.0,2.0,118.0,41.0,39.0,2.0,1.0,1.0,1.0,0.0,1.57,2.0,2.0,2.0,0.0
923,recursion_nl.F90,4.0,4.0,2.0,92.0,17.0,55.0,22.0,2.0,0.0,1.0,1.0,240.0,38.0,112.0,42.0,69.0,96.0,111.0,39.0,72.0,8.0,8.0,4.0,3.0,0.86,8.0,8.0,4.0,0.0
924,m_vcoul.F90,9.0,8.0,2.0,86.0,14.0,52.0,22.0,27.0,1.0,1.0,27.0,2649.0,439.0,1375.0,389.0,985.0,896.0,1297.0,289.0,1008.0,103.0,94.0,26.0,8.0,0.65,251.0,230.0,70.0,0.0
925,consist.F90,11.0,11.0,1.0,62.0,11.0,41.0,15.0,1.0,0.0,1.0,1.0,103.0,15.0,43.0,18.0,24.0,52.0,34.0,10.0,24.0,11.0,11.0,1.0,2.0,1.21,11.0,11.0,1.0,0.0
926,read_el_veloc.F90,10.0,10.0,1.0,147.0,28.0,96.0,28.0,1.0,0.0,1.0,1.0,189.0,32.0,98.0,41.0,56.0,66.0,82.0,28.0,54.0,10.0,10.0,1.0,5.0,0.67,10.0,10.0,1.0,0.0
927,sort_dp.F90,9.0,9.0,5.0,95.0,25.0,58.0,19.0,1.0,0.0,1.0,1.0,135.0,29.0,60.0,13.0,46.0,55.0,56.0,12.0,44.0,9.0,9.0,5.0,5.0,0.92,9.0,9.0,5.0,0.0
928,cont33so.F90,3.0,3.0,1.0,235.0,19.0,188.0,28.0,1.0,0.0,1.0,1.0,299.0,23.0,190.0,10.0,179.0,88.0,83.0,9.0,74.0,3.0,3.0,1.0,1.0,0.46,3.0,3.0,1.0,0.0
929,fxphas_seq.F90,27.0,27.0,12.0,204.0,37.0,139.0,35.0,1.0,0.0,1.0,1.0,263.0,40.0,141.0,27.0,113.0,91.0,130.0,13.0,117.0,27.0,27.0,12.0,7.0,0.65,27.0,27.0,12.0,0.0
930,defs_wannier90.F90,0.0,0.0,0.0,0.0,0.0,0.0,0.0,0.0,1.0,1.0,2.0,115.0,6.0,81.0,74.0,0.0,29.0,63.0,63.0,0.0,0.0,0.0,0.0,0.0,0.36,0.0,0.0,0.0,0.0
931,ptg_D4.F90,2.0,2.0,1.0,124.0,10.0,102.0,12.0,1.0,0.0,1.0,1.0,164.0,14.0,104.0,21.0,82.0,48.0,94.0,11.0,83.0,2.0,2.0,1.0,1.0,0.46,2.0,2.0,1.0,0.0
932,dfptnl_doutput.F90,4.0,4.0,0.0,45.0,13.0,25.0,7.0,2.0,0.0,1.0,1.0,134.0,30.0,52.0,15.0,36.0,55.0,44.0,14.0,30.0,8.0,8.0,1.0,7.0,1.06,8.0,8.0,1.0,0.0
933,pawsushat.F90,28.0,28.0,1.0,229.0,32.0,169.0,38.0,1.0,0.0,1.0,1.0,305.0,35.0,171.0,55.0,115.0,111.0,168.0,40.0,128.0,28.0,28.0,1.0,9.0,0.65,28.0,28.0,1.0,0.0
934,fourwf.F90,65.0,65.0,2.0,312.0,33.0,241.0,43.0,2.0,0.0,1.0,1.0,747.0,70.0,485.0,75.0,408.0,206.0,447.0,41.0,406.0,131.0,130.0,4.0,12.0,0.42,131.0,130.0,4.0,0.0
935,gwls_ComputeCorrelationEnergy.F90,8.0,8.0,1.0,291.0,87.0,148.0,74.0,6.0,1.0,1.0,6.0,1950.0,554.0,928.0,238.0,687.0,587.0,826.0,201.0,625.0,15.0,15.0,1.0,3.0,0.63,52.0,52.0,6.0,0.0
936,moddiel.F90,8.0,8.0,0.0,71.0,13.0,41.0,17.0,3.0,0.0,1.0,1.0,272.0,42.0,127.0,38.0,88.0,106.0,126.0,28.0,98.0,24.0,24.0,1.0,6.0,0.83,24.0,24.0,1.0,0.0
937,complete_gamma.F90,33.0,33.0,9.0,226.0,42.0,136.0,55.0,1.0,0.0,1.0,1.0,267.0,45.0,138.0,29.0,108.0,93.0,129.0,23.0,106.0,33.0,33.0,9.0,8.0,0.67,33.0,33.0,9.0,0.0
938,pawmkrhoij.F90,25.0,25.0,8.0,166.0,22.0,121.0,27.0,2.0,0.0,1.0,1.0,403.0,48.0,245.0,62.0,182.0,122.0,227.0,40.0,187.0,50.0,50.0,17.0,7.0,0.50,50.0,50.0,17.0,0.0
939,gwcompleteness.F90,8.0,8.0,3.0,81.0,15.0,45.0,23.0,3.0,0.0,3.0,3.0,399.0,56.0,139.0,65.0,73.0,215.0,134.0,55.0,79.0,16.0,15.0,9.0,6.0,1.55,26.0,24.0,11.0,0.0
940,defad.F90,1.0,1.0,1.0,70.0,12.0,49.0,9.0,1.0,0.0,1.0,1.0,107.0,16.0,51.0,9.0,41.0,42.0,49.0,8.0,41.0,1.0,1.0,1.0,0.0,0.82,1.0,1.0,1.0,0.0
941,normsq_gkq.F90,8.0,8.0,0.0,95.0,16.0,65.0,17.0,2.0,0.0,1.0,1.0,241.0,36.0,132.0,45.0,86.0,80.0,106.0,27.0,79.0,16.0,16.0,1.0,4.0,0.61,16.0,16.0,1.0,0.0
942,m_bz_mesh.F90,8.0,8.0,3.0,78.0,13.0,46.0,19.0,29.0,1.0,1.0,29.0,3494.0,559.0,1438.0,554.0,837.0,1567.0,1276.0,406.0,870.0,41.0,41.0,25.0,7.0,1.09,244.0,243.0,97.0,0.0
943,psp8cc.F90,9.0,9.0,3.0,121.0,21.0,70.0,31.0,1.0,0.0,1.0,1.0,160.0,24.0,72.0,22.0,49.0,67.0,54.0,14.0,40.0,9.0,9.0,3.0,2.0,0.93,9.0,9.0,3.0,0.0
944,erlxconv.F90,4.0,4.0,1.0,70.0,10.0,50.0,11.0,1.0,0.0,1.0,1.0,110.0,14.0,52.0,15.0,36.0,47.0,38.0,14.0,24.0,4.0,4.0,1.0,3.0,0.90,4.0,4.0,1.0,0.0
945,parsefile.F90,2.0,2.0,0.0,38.0,7.0,21.0,10.0,2.0,0.0,1.0,1.0,112.0,18.0,45.0,22.0,22.0,52.0,41.0,20.0,21.0,5.0,5.0,1.0,2.0,1.16,5.0,5.0,1.0,0.0
946,multipoles_fftr.F90,6.0,6.0,0.0,70.0,12.0,45.0,12.0,3.0,0.0,2.0,2.0,298.0,42.0,140.0,54.0,84.0,119.0,122.0,42.0,80.0,15.0,15.0,1.0,3.0,0.85,18.0,18.0,2.0,0.0
947,drivexc_main.F90,20.0,20.0,0.0,113.0,7.0,99.0,10.0,2.0,0.0,1.0,1.0,357.0,18.0,200.0,24.0,175.0,148.0,151.0,17.0,134.0,41.0,41.0,1.0,5.0,0.74,41.0,41.0,1.0,0.0
948,xctetr.F90,10.0,10.0,1.0,145.0,13.0,89.0,45.0,1.0,0.0,1.0,1.0,216.0,17.0,91.0,27.0,63.0,112.0,76.0,22.0,54.0,10.0,10.0,1.0,2.0,1.23,10.0,10.0,1.0,0.0
949,ptg_Oh.F90,2.0,2.0,1.0,649.0,17.0,617.0,15.0,1.0,0.0,1.0,1.0,689.0,21.0,619.0,26.0,592.0,51.0,604.0,11.0,593.0,2.0,2.0,1.0,1.0,0.08,2.0,2.0,1.0,0.0
950,frskerker2.F90,2.0,2.0,1.0,30.0,5.0,16.0,9.0,5.0,1.0,1.0,5.0,322.0,38.0,101.0,63.0,37.0,187.0,92.0,56.0,36.0,3.0,3.0,1.0,2.0,1.85,11.0,11.0,5.0,0.0
951,m_tetrahedron.F90,9.0,9.0,2.0,161.0,25.0,103.0,37.0,9.0,1.0,1.0,9.0,1834.0,277.0,959.0,149.0,750.0,651.0,830.0,146.0,684.0,28.0,28.0,6.0,5.0,0.68,88.0,88.0,19.0,0.0
952,screening.F90,78.0,76.0,5.0,728.0,91.0,511.0,155.0,2.0,0.0,1.0,1.0,1541.0,186.0,1024.0,295.0,702.0,393.0,860.0,132.0,728.0,157.0,153.0,11.0,5.0,0.38,157.0,153.0,11.0,0.0
953,dynamic_pol.f,8.0,8.0,1.0,79.0,20.0,56.0,3.0,1.0,0.0,1.0,1.0,79.0,20.0,56.0,7.0,49.0,3.0,56.0,9.0,47.0,8.0,8.0,1.0,2.0,0.05,8.0,8.0,1.0,0.0
954,xfh_update.F90,1.0,1.0,1.0,62.0,13.0,20.0,29.0,1.0,0.0,1.0,1.0,102.0,17.0,22.0,14.0,7.0,65.0,20.0,13.0,7.0,1.0,1.0,1.0,0.0,2.95,1.0,1.0,1.0,0.0
955,predict_pimd.F90,12.0,12.0,0.0,125.0,15.0,96.0,17.0,2.0,0.0,1.0,1.0,324.0,36.0,194.0,50.0,143.0,104.0,156.0,21.0,135.0,25.0,25.0,1.0,4.0,0.54,25.0,25.0,1.0,0.0
956,dfptff_edie.F90,37.0,37.0,1.0,292.0,36.0,228.0,42.0,1.0,0.0,1.0,1.0,355.0,40.0,230.0,35.0,194.0,101.0,210.0,23.0,187.0,37.0,37.0,1.0,5.0,0.44,37.0,37.0,1.0,0.0
957,m_xpapi.F90,1.0,1.0,1.0,44.0,9.0,19.0,15.0,5.0,1.0,1.0,5.0,375.0,73.0,114.0,45.0,13.0,194.0,55.0,41.0,14.0,4.0,4.0,1.0,1.0,1.70,8.0,8.0,5.0,0.0
958,m_ga.F90,1.0,1.0,1.0,29.0,7.0,10.0,12.0,3.0,1.0,1.0,3.0,238.0,41.0,53.0,37.0,15.0,154.0,49.0,34.0,15.0,2.0,2.0,1.0,1.0,2.91,5.0,5.0,3.0,0.0
959,memory_eval.F90,16.0,16.0,1.0,133.0,15.0,102.0,17.0,2.0,0.0,1.0,1.0,319.0,34.0,207.0,41.0,165.0,83.0,211.0,32.0,179.0,33.0,33.0,3.0,5.0,0.40,33.0,33.0,3.0,0.0
960,m_pawpsp.F90,20.0,20.0,3.0,397.0,42.0,254.0,107.0,23.0,0.0,1.0,23.0,5000.0,530.0,2932.0,343.0,2223.0,1616.0,2724.0,323.0,2401.0,104.0,104.0,28.0,5.0,0.55,478.0,461.0,69.0,0.0
961,m_electronpositron.F90,19.0,19.0,2.0,125.0,16.0,94.0,14.0,4.0,1.0,1.0,4.0,812.0,106.0,447.0,159.0,287.0,294.0,409.0,115.0,294.0,46.0,46.0,7.0,8.0,0.66,77.0,77.0,10.0,0.0
962,wvl_wfs_free.F90,2.0,2.0,1.0,54.0,10.0,30.0,14.0,1.0,0.0,1.0,1.0,93.0,13.0,32.0,10.0,1.0,50.0,10.0,8.0,2.0,2.0,2.0,1.0,1.0,1.56,2.0,2.0,1.0,0.0
963,m_exc_itdiago.F90,12.0,12.0,4.0,257.0,46.0,132.0,81.0,7.0,1.0,1.0,7.0,1352.0,226.0,647.0,163.0,376.0,506.0,473.0,98.0,375.0,39.0,39.0,10.0,3.0,0.78,84.0,84.0,31.0,0.0
964,nlenergyrec.F90,9.0,9.0,0.0,90.0,15.0,61.0,16.0,2.0,0.0,1.0,1.0,229.0,33.0,125.0,39.0,85.0,78.0,114.0,33.0,81.0,19.0,19.0,1.0,5.0,0.62,19.0,19.0,1.0,0.0
965,prteigrs.F90,72.0,72.0,5.0,303.0,39.0,244.0,29.0,1.0,0.0,1.0,1.0,378.0,43.0,246.0,29.0,216.0,100.0,251.0,23.0,228.0,72.0,72.0,5.0,8.0,0.41,72.0,72.0,5.0,0.0
966,m_special_funcs.F90,4.0,4.0,1.0,52.0,10.0,29.0,12.0,11.0,1.0,1.0,11.0,893.0,156.0,349.0,153.0,195.0,402.0,307.0,108.0,199.0,13.0,13.0,1.0,3.0,1.15,47.0,47.0,11.0,0.0
967,incomprs.F90,6.0,6.0,2.0,53.0,6.0,31.0,16.0,2.0,0.0,1.0,1.0,162.0,16.0,64.0,14.0,49.0,84.0,58.0,12.0,46.0,13.0,13.0,5.0,7.0,1.31,13.0,13.0,5.0,0.0
968,m_dvdb.F90,8.0,8.0,3.0,89.0,17.0,52.0,21.0,23.0,1.0,1.0,23.0,2880.0,526.0,1275.0,518.0,747.0,1135.0,1189.0,360.0,829.0,31.0,31.0,14.0,7.0,0.89,205.0,204.0,85.0,0.0
969,defs_time.F90,1.0,1.0,1.0,21.0,7.0,6.0,8.0,2.0,1.0,1.0,2.0,147.0,37.0,30.0,27.0,2.0,82.0,29.0,27.0,2.0,1.0,1.0,1.0,0.0,2.73,2.0,2.0,2.0,0.0
970,matpointsym.F90,9.0,9.0,3.0,110.0,27.0,50.0,33.0,1.0,0.0,1.0,1.0,156.0,31.0,52.0,17.0,34.0,75.0,53.0,16.0,37.0,9.0,9.0,3.0,3.0,1.44,9.0,9.0,3.0,0.0
971,mag_constr_e.F90,10.0,10.0,4.0,136.0,23.0,82.0,31.0,1.0,0.0,1.0,1.0,177.0,27.0,84.0,24.0,59.0,68.0,71.0,21.0,50.0,10.0,10.0,4.0,3.0,0.81,10.0,10.0,4.0,0.0
972,m_nesting.F90,8.0,8.0,3.0,102.0,19.0,64.0,25.0,3.0,1.0,1.0,3.0,467.0,77.0,210.0,96.0,113.0,202.0,186.0,73.0,113.0,9.0,9.0,7.0,5.0,0.96,25.0,25.0,9.0,0.0
973,dfpt_gatherdy.F90,79.0,79.0,1.0,455.0,41.0,283.0,138.0,1.0,0.0,1.0,1.0,546.0,45.0,285.0,46.0,238.0,225.0,246.0,32.0,214.0,79.0,79.0,1.0,9.0,0.79,79.0,79.0,1.0,0.0
974,xcart2deloc.F90,3.0,3.0,0.0,46.0,9.0,27.0,10.0,5.0,0.0,3.0,3.0,356.0,55.0,139.0,59.0,79.0,166.0,128.0,53.0,75.0,7.0,7.0,1.0,2.0,1.19,18.0,18.0,3.0,0.0
975,getdim_nloc.F90,12.0,12.0,1.0,133.0,18.0,80.0,35.0,1.0,0.0,1.0,1.0,180.0,21.0,82.0,31.0,50.0,79.0,68.0,16.0,52.0,12.0,12.0,1.0,4.0,0.96,12.0,12.0,1.0,0.0
976,prep_fourwf.F90,25.0,25.0,0.0,231.0,24.0,172.0,36.0,2.0,0.0,1.0,1.0,526.0,52.0,346.0,82.0,251.0,134.0,259.0,47.0,212.0,50.0,50.0,1.0,6.0,0.39,50.0,50.0,1.0,0.0
977,radsmear.F90,3.0,3.0,1.0,32.0,8.0,14.0,10.0,1.0,0.0,1.0,1.0,63.0,11.0,16.0,8.0,7.0,38.0,14.0,7.0,7.0,3.0,3.0,1.0,1.0,2.38,3.0,3.0,1.0,0.0
978,mrgdv.F90,18.0,15.0,5.0,214.0,45.0,136.0,35.0,1.0,0.0,1.0,1.0,257.0,48.0,138.0,40.0,96.0,75.0,121.0,25.0,96.0,18.0,15.0,5.0,6.0,0.54,18.0,15.0,5.0,0.0
979,prcrskerker1.F90,8.0,8.0,1.0,195.0,21.0,68.0,108.0,1.0,0.0,1.0,1.0,250.0,25.0,70.0,27.0,42.0,159.0,68.0,26.0,42.0,8.0,8.0,1.0,2.0,2.27,8.0,8.0,1.0,0.0
980,mkph_linwid.F90,13.0,13.0,0.0,166.0,27.0,109.0,45.0,2.0,0.0,1.0,1.0,375.0,57.0,220.0,56.0,163.0,130.0,200.0,40.0,160.0,27.0,27.0,1.0,5.0,0.59,27.0,27.0,1.0,0.0
981,bracketing.F90,9.0,9.0,5.0,88.0,8.0,69.0,11.0,1.0,0.0,1.0,1.0,132.0,12.0,71.0,13.0,57.0,51.0,70.0,12.0,58.0,9.0,9.0,5.0,3.0,0.72,9.0,9.0,5.0,0.0
982,spline_paw_fncs.F90,2.0,2.0,1.0,78.0,17.0,43.0,19.0,1.0,0.0,1.0,1.0,123.0,20.0,45.0,26.0,18.0,61.0,45.0,17.0,28.0,2.0,2.0,1.0,1.0,1.36,2.0,2.0,1.0,0.0
983,m_pawxmlps.F90,34.0,34.0,9.0,586.0,56.0,454.0,79.0,7.0,0.0,1.0,7.0,2653.0,289.0,1921.0,154.0,1095.0,458.0,1353.0,154.0,1199.0,129.0,129.0,47.0,6.0,0.24,244.0,240.0,64.0,0.0
984,inreplsp.F90,5.0,5.0,1.0,44.0,12.0,18.0,14.0,1.0,0.0,1.0,1.0,85.0,16.0,20.0,8.0,11.0,51.0,18.0,7.0,11.0,5.0,5.0,1.0,3.0,2.55,5.0,5.0,1.0,0.0
985,convert_notation.F90,11.0,11.0,1.0,64.0,11.0,41.0,12.0,1.0,0.0,1.0,1.0,115.0,14.0,43.0,14.0,28.0,60.0,45.0,11.0,34.0,11.0,11.0,1.0,4.0,1.40,11.0,11.0,1.0,0.0
986,pawuj_det.F90,20.0,20.0,3.0,261.0,40.0,177.0,50.0,2.0,0.0,1.0,1.0,562.0,83.0,356.0,83.0,272.0,138.0,295.0,34.0,261.0,41.0,41.0,6.0,3.0,0.39,41.0,41.0,6.0,0.0
987,mlwfovlp_radial.F90,11.0,11.0,1.0,110.0,13.0,75.0,27.0,1.0,0.0,1.0,1.0,161.0,16.0,77.0,34.0,42.0,75.0,57.0,18.0,39.0,11.0,11.0,1.0,3.0,0.97,11.0,11.0,1.0,0.0
988,ddb_internalstr.F90,75.0,75.0,1.0,427.0,45.0,275.0,107.0,1.0,0.0,1.0,1.0,478.0,49.0,277.0,26.0,250.0,154.0,248.0,23.0,225.0,75.0,75.0,1.0,4.0,0.56,75.0,75.0,1.0,0.0
989,test_spline_integrate.F90,2.0,2.0,1.0,82.0,11.0,51.0,20.0,1.0,0.0,1.0,1.0,86.0,12.0,52.0,12.0,22.0,23.0,34.0,12.0,22.0,2.0,2.0,1.0,1.0,0.44,2.0,2.0,1.0,0.0
990,topology.f90,18.0,18.0,1.0,160.0,56.0,92.0,14.0,6.0,0.0,6.0,6.0,995.0,355.0,556.0,79.0,477.0,100.0,544.0,73.0,471.0,24.0,24.0,1.0,9.0,0.18,108.0,108.0,6.0,0.0
991,prep_wavef_sym_undo.F90,7.0,7.0,1.0,206.0,44.0,101.0,61.0,1.0,0.0,1.0,1.0,265.0,47.0,103.0,41.0,61.0,117.0,72.0,21.0,51.0,7.0,7.0,1.0,2.0,1.14,7.0,7.0,1.0,0.0
992,ptg_O.F90,2.0,2.0,1.0,220.0,10.0,198.0,12.0,1.0,0.0,1.0,1.0,260.0,14.0,200.0,21.0,178.0,48.0,190.0,11.0,179.0,2.0,2.0,1.0,1.0,0.24,2.0,2.0,1.0,0.0
993,mlwfovlp_ylmfac.F90,23.0,23.0,5.0,222.0,27.0,139.0,72.0,1.0,0.0,1.0,1.0,281.0,31.0,141.0,28.0,112.0,127.0,135.0,26.0,109.0,23.0,23.0,5.0,3.0,0.90,23.0,23.0,5.0,0.0
994,m_abiimages.F90,2.0,2.0,1.0,31.0,9.0,12.0,10.0,2.0,1.0,1.0,2.0,226.0,44.0,47.0,36.0,10.0,138.0,40.0,30.0,10.0,2.0,2.0,1.0,1.0,2.94,4.0,4.0,2.0,0.0
995,m_scfcv.F90,1.0,1.0,1.0,78.0,11.0,42.0,25.0,5.0,1.0,1.0,5.0,757.0,93.0,294.0,172.0,121.0,374.0,271.0,157.0,114.0,3.0,3.0,1.0,1.0,1.27,9.0,9.0,5.0,0.0
996,dist2.F90,5.0,5.0,0.0,46.0,7.0,30.0,9.0,2.0,0.0,1.0,1.0,133.0,20.0,62.0,17.0,44.0,53.0,59.0,16.0,43.0,10.0,10.0,1.0,3.0,0.85,10.0,10.0,1.0,0.0
997,symrelrot.F90,8.0,8.0,1.0,76.0,10.0,49.0,17.0,1.0,0.0,1.0,1.0,121.0,14.0,51.0,17.0,33.0,58.0,37.0,15.0,22.0,8.0,8.0,1.0,4.0,1.14,8.0,8.0,1.0,0.0
998,xctfw.F90,4.0,4.0,0.0,54.0,12.0,35.0,7.0,2.0,0.0,1.0,1.0,162.0,27.0,73.0,21.0,51.0,64.0,79.0,18.0,61.0,8.0,8.0,1.0,3.0,0.88,8.0,8.0,1.0,0.0
999,hybrid_corr.F90,3.0,3.0,0.0,50.0,10.0,26.0,13.0,2.0,0.0,1.0,1.0,152.0,24.0,55.0,27.0,27.0,75.0,48.0,23.0,25.0,6.0,6.0,1.0,1.0,1.36,6.0,6.0,1.0,0.0
1000,pawinit.F90,25.0,25.0,1.0,177.0,18.0,132.0,29.0,3.0,0.0,2.0,2.0,702.0,62.0,398.0,113.0,284.0,252.0,350.0,44.0,306.0,72.0,72.0,4.0,7.0,0.63,77.0,75.0,5.0,0.0
1001,xmpi_allgatherv.finc,3.0,3.0,1.0,72.0,11.0,45.0,15.0,9.0,0.0,9.0,9.0,913.0,117.0,409.0,98.0,55.0,387.0,175.0,91.0,84.0,4.0,4.0,1.0,2.0,0.95,29.0,29.0,9.0,0.0
1002,psden.F90,19.0,19.0,1.0,114.0,18.0,84.0,15.0,1.0,0.0,1.0,1.0,161.0,20.0,86.0,22.0,63.0,60.0,95.0,15.0,80.0,19.0,19.0,1.0,2.0,0.70,19.0,19.0,1.0,0.0
1003,recursion.F90,5.0,5.0,2.0,99.0,18.0,56.0,27.0,2.0,0.0,1.0,1.0,268.0,40.0,114.0,44.0,69.0,119.0,113.0,38.0,75.0,10.0,10.0,4.0,3.0,1.04,10.0,10.0,4.0,0.0
1004,m_exp_mat.F90,4.0,4.0,1.0,99.0,22.0,42.0,35.0,1.0,1.0,1.0,1.0,176.0,38.0,57.0,36.0,20.0,85.0,46.0,27.0,19.0,4.0,4.0,1.0,1.0,1.49,4.0,4.0,1.0,0.0
1005,dfpt_mkvxc.F90,23.0,23.0,0.0,140.0,19.0,109.0,21.0,2.0,0.0,1.0,1.0,347.0,41.0,221.0,41.0,179.0,105.0,203.0,25.0,178.0,46.0,46.0,1.0,6.0,0.48,46.0,46.0,1.0,0.0
1006,m_linalg_interfaces.F90,0.0,0.0,0.0,0.0,0.0,0.0,0.0,0.0,1.0,1.0,260.0,4020.0,288.0,3399.0,3398.0,0.0,409.0,3322.0,3322.0,0.0,0.0,0.0,0.0,0.0,0.12,0.0,0.0,0.0,0.0
1007,xred2xcart.F90,3.0,3.0,1.0,35.0,8.0,15.0,12.0,1.0,0.0,1.0,1.0,91.0,11.0,17.0,11.0,5.0,65.0,15.0,10.0,5.0,3.0,3.0,1.0,2.0,3.82,3.0,3.0,1.0,0.0
1008,m_exc_spectra.F90,12.0,12.0,2.0,117.0,21.0,72.0,34.0,8.0,1.0,1.0,8.0,1242.0,204.0,606.0,202.0,359.0,517.0,519.0,146.0,373.0,25.0,25.0,8.0,6.0,0.85,103.0,96.0,20.0,0.0
1009,wvl_initro.F90,0.0,0.0,0.0,109.0,14.0,64.0,34.0,3.0,0.0,1.0,1.0,368.0,48.0,196.0,36.0,3.0,139.0,29.0,27.0,2.0,2.0,2.0,1.0,1.0,0.71,2.0,2.0,1.0,0.0
1010,psolver_rhohxc.F90,1.0,1.0,0.0,224.0,29.0,126.0,70.0,2.0,0.0,1.0,1.0,507.0,63.0,255.0,39.0,3.0,194.0,33.0,31.0,2.0,2.0,2.0,1.0,1.0,0.76,2.0,2.0,1.0,0.0
1011,m_lmn_indices.F90,3.0,3.0,1.0,47.0,10.0,25.0,15.0,8.0,1.0,1.0,8.0,646.0,116.0,220.0,85.0,124.0,351.0,216.0,77.0,139.0,6.0,6.0,4.0,3.0,1.60,30.0,30.0,13.0,0.0
1012,pred_isothermal.F90,27.0,27.0,0.0,279.0,35.0,158.0,87.0,2.0,0.0,1.0,1.0,621.0,74.0,319.0,53.0,265.0,233.0,298.0,45.0,253.0,54.0,54.0,1.0,4.0,0.73,54.0,54.0,1.0,0.0
1013,nhatgrid.F90,11.0,11.0,0.0,72.0,9.0,53.0,10.0,3.0,0.0,1.0,1.0,293.0,33.0,162.0,58.0,103.0,102.0,146.0,32.0,114.0,33.0,33.0,1.0,5.0,0.63,33.0,33.0,1.0,0.0
1014,prep_sort_wavef_spin.F90,4.0,4.0,1.0,71.0,17.0,37.0,17.0,1.0,0.0,1.0,1.0,112.0,20.0,39.0,16.0,22.0,55.0,29.0,10.0,19.0,4.0,4.0,1.0,2.0,1.41,4.0,4.0,1.0,0.0
1015,m_hidecudarec.F90,5.0,5.0,1.0,33.0,8.0,18.0,7.0,1.0,1.0,1.0,1.0,456.0,74.0,166.0,18.0,10.0,226.0,24.0,14.0,10.0,5.0,5.0,1.0,2.0,1.36,5.0,5.0,1.0,0.0
1016,intrpl.F90,27.0,27.0,20.0,214.0,9.0,150.0,55.0,1.0,0.0,1.0,1.0,250.0,13.0,152.0,13.0,138.0,87.0,170.0,18.0,152.0,27.0,27.0,20.0,2.0,0.57,27.0,27.0,20.0,0.0
1017,get_all_gkr.F90,1.0,1.0,0.0,48.0,7.0,21.0,19.0,2.0,0.0,1.0,1.0,143.0,19.0,44.0,16.0,27.0,82.0,33.0,13.0,20.0,3.0,3.0,1.0,2.0,1.86,3.0,3.0,1.0,0.0
1018,ph1d3d.F90,5.0,5.0,1.0,84.0,13.0,49.0,22.0,1.0,0.0,1.0,1.0,132.0,16.0,51.0,19.0,31.0,67.0,42.0,15.0,27.0,5.0,5.0,1.0,2.0,1.31,5.0,5.0,1.0,0.0
1019,getptgroupma.F90,73.0,46.0,1.0,123.0,9.0,97.0,17.0,1.0,0.0,1.0,1.0,171.0,13.0,99.0,8.0,90.0,61.0,141.0,7.0,134.0,73.0,46.0,1.0,2.0,0.62,73.0,46.0,1.0,0.0
1020,time_accu.F90,2.0,2.0,1.0,48.0,11.0,22.0,15.0,1.0,0.0,1.0,1.0,90.0,15.0,24.0,14.0,9.0,53.0,21.0,12.0,9.0,2.0,2.0,1.0,1.0,2.21,2.0,2.0,1.0,0.0
1021,m_io_redirect.F90,11.0,11.0,1.0,57.0,10.0,36.0,10.0,4.0,1.0,1.0,4.0,379.0,57.0,166.0,59.0,106.0,164.0,163.0,48.0,115.0,21.0,21.0,1.0,7.0,0.99,46.0,46.0,4.0,0.0
1022,getghc.F90,37.0,37.0,0.0,219.0,20.0,174.0,35.0,4.0,0.0,2.0,2.0,1023.0,89.0,701.0,151.0,548.0,277.0,618.0,74.0,544.0,111.0,111.0,1.0,8.0,0.40,149.0,149.0,2.0,0.0
1023,hermit.F90,7.0,7.0,1.0,90.0,21.0,51.0,18.0,1.0,0.0,1.0,1.0,140.0,25.0,53.0,17.0,35.0,64.0,46.0,15.0,31.0,7.0,7.0,1.0,2.0,1.21,7.0,7.0,1.0,0.0
1024,check_symmetry_f90.f90,5.0,5.0,1.0,73.0,10.0,63.0,0.0,1.0,0.0,1.0,1.0,73.0,10.0,63.0,23.0,40.0,0.0,62.0,23.0,39.0,5.0,5.0,1.0,1.0,0.00,5.0,5.0,1.0,0.0
1025,dfpt_rhotov.F90,12.0,12.0,0.0,120.0,16.0,78.0,29.0,2.0,0.0,1.0,1.0,328.0,36.0,158.0,55.0,102.0,143.0,137.0,38.0,99.0,25.0,25.0,1.0,3.0,0.91,25.0,25.0,1.0,0.0
1026,m_ab7_invars_f90.F90,7.0,7.0,1.0,55.0,11.0,35.0,9.0,11.0,1.0,1.0,11.0,982.0,176.0,435.0,155.0,279.0,378.0,428.0,134.0,294.0,42.0,42.0,3.0,3.0,0.87,82.0,82.0,13.0,0.0
1029,aim_follow.F90,26.0,26.0,12.0,168.0,24.0,133.0,13.0,2.0,0.0,1.0,1.0,387.0,53.0,269.0,28.0,240.0,73.0,268.0,24.0,244.0,52.0,52.0,24.0,6.0,0.27,52.0,52.0,24.0,0.0
1030,wrt_moldyn_netcdf.F90,13.0,13.0,1.0,344.0,53.0,211.0,80.0,1.0,0.0,1.0,1.0,398.0,56.0,213.0,25.0,26.0,131.0,51.0,22.0,29.0,13.0,13.0,1.0,4.0,0.62,13.0,13.0,1.0,0.0
1031,m_rec.F90,6.0,6.0,1.0,83.0,13.0,49.0,22.0,8.0,1.0,1.0,8.0,967.0,132.0,418.0,147.0,237.0,439.0,322.0,103.0,219.0,12.0,12.0,4.0,4.0,1.05,52.0,52.0,11.0,0.0
1032,m_melemts.F90,9.0,8.0,2.0,66.0,14.0,40.0,13.0,9.0,1.0,1.0,9.0,1100.0,195.0,427.0,185.0,241.0,508.0,392.0,135.0,257.0,17.0,17.0,5.0,9.0,1.19,83.0,76.0,22.0,0.0
1033,initrhoij.F90,31.0,31.0,1.0,171.0,25.0,128.0,22.0,1.0,0.0,1.0,1.0,230.0,29.0,130.0,31.0,98.0,77.0,138.0,24.0,114.0,31.0,31.0,1.0,7.0,0.59,31.0,31.0,1.0,0.0
1034,psolver_hartree.F90,1.0,1.0,0.0,53.0,9.0,27.0,16.0,2.0,0.0,1.0,1.0,160.0,23.0,57.0,17.0,2.0,82.0,16.0,14.0,2.0,2.0,2.0,1.0,1.0,1.44,2.0,2.0,1.0,0.0
1035,chkvars.F90,16.0,16.0,8.0,307.0,31.0,215.0,62.0,1.0,0.0,1.0,1.0,345.0,34.0,217.0,15.0,201.0,97.0,211.0,12.0,199.0,16.0,16.0,8.0,5.0,0.45,16.0,16.0,8.0,0.0
1036,m_nctk.F90,2.0,2.0,1.0,38.0,8.0,19.0,11.0,5.0,1.0,1.0,5.0,2764.0,513.0,929.0,80.0,31.0,1362.0,114.0,78.0,36.0,6.0,6.0,1.0,3.0,1.47,14.0,14.0,5.0,0.0
1037,prtxvf.F90,15.0,15.0,1.0,105.0,16.0,75.0,14.0,1.0,0.0,1.0,1.0,152.0,21.0,77.0,16.0,60.0,56.0,75.0,15.0,60.0,15.0,15.0,1.0,4.0,0.73,15.0,15.0,1.0,0.0
1038,m_hexc.F90,14.0,14.0,1.0,134.0,29.0,84.0,26.0,10.0,1.0,1.0,10.0,1855.0,374.0,917.0,318.0,586.0,637.0,781.0,223.0,558.0,51.0,49.0,5.0,12.0,0.69,144.0,142.0,17.0,0.0
1039,contstr25.F90,12.0,12.0,1.0,1949.0,14.0,1914.0,21.0,1.0,0.0,1.0,1.0,2003.0,17.0,1916.0,17.0,1898.0,72.0,408.0,14.0,394.0,12.0,12.0,1.0,2.0,0.04,12.0,12.0,1.0,0.0
1040,cchi0.F90,61.0,59.0,14.0,422.0,51.0,293.0,95.0,2.0,0.0,1.0,1.0,943.0,105.0,588.0,186.0,398.0,286.0,494.0,93.0,401.0,122.0,118.0,28.0,13.0,0.49,122.0,118.0,28.0,0.0
1041,cont35.F90,1.0,1.0,1.0,105.0,15.0,73.0,17.0,1.0,0.0,1.0,1.0,162.0,19.0,75.0,8.0,66.0,70.0,13.0,7.0,6.0,1.0,1.0,1.0,0.0,0.93,1.0,1.0,1.0,0.0
1042,nonlop_pl.F90,64.0,64.0,3.0,558.0,48.0,371.0,145.0,2.0,0.0,1.0,1.0,1259.0,100.0,745.0,129.0,615.0,431.0,543.0,56.0,487.0,128.0,128.0,7.0,15.0,0.58,128.0,128.0,7.0,0.0
1043,forces.F90,20.0,20.0,0.0,193.0,22.0,122.0,51.0,2.0,0.0,1.0,1.0,504.0,47.0,246.0,104.0,141.0,218.0,203.0,56.0,147.0,41.0,41.0,1.0,4.0,0.89,41.0,41.0,1.0,0.0
1044,append_xyz.F90,10.0,10.0,1.0,149.0,25.0,101.0,24.0,1.0,0.0,1.0,1.0,193.0,29.0,103.0,36.0,66.0,64.0,90.0,28.0,62.0,10.0,10.0,1.0,2.0,0.62,10.0,10.0,1.0,0.0
1045,m_ebands.F90,6.0,6.0,2.0,70.0,14.0,41.0,16.0,41.0,1.0,1.0,41.0,4290.0,750.0,1789.0,699.0,980.0,1826.0,1494.0,499.0,995.0,30.0,29.0,13.0,6.0,1.02,273.0,264.0,95.0,0.0
1046,prtspgroup.F90,45.0,45.0,0.0,142.0,21.0,107.0,35.0,2.0,0.0,1.0,1.0,332.0,46.0,217.0,22.0,194.0,113.0,238.0,20.0,218.0,90.0,90.0,1.0,6.0,0.52,90.0,90.0,1.0,0.0
1047,order_fs_kpts.F90,6.0,6.0,4.0,78.0,13.0,47.0,18.0,1.0,0.0,1.0,1.0,120.0,17.0,49.0,18.0,30.0,56.0,47.0,17.0,30.0,6.0,6.0,4.0,4.0,1.14,6.0,6.0,4.0,0.0
1048,partial_dos_fractions.F90,49.0,49.0,20.0,478.0,75.0,326.0,85.0,1.0,0.0,1.0,1.0,543.0,78.0,328.0,105.0,222.0,147.0,261.0,48.0,213.0,49.0,49.0,20.0,8.0,0.45,49.0,49.0,20.0,0.0
1049,symlatt.F90,78.0,78.0,8.0,491.0,41.0,342.0,111.0,2.0,0.0,1.0,1.0,1058.0,86.0,687.0,28.0,658.0,294.0,727.0,26.0,701.0,156.0,156.0,17.0,6.0,0.43,156.0,156.0,17.0,0.0
1050,initberry.F90,162.0,162.0,62.0,1314.0,266.0,804.0,286.0,1.0,0.0,1.0,1.0,1406.0,269.0,806.0,109.0,696.0,375.0,732.0,57.0,675.0,162.0,162.0,62.0,8.0,0.47,162.0,162.0,62.0,0.0
1051,calc_sigc_cd.F90,38.0,37.0,6.0,407.0,46.0,273.0,99.0,1.0,0.0,1.0,1.0,459.0,50.0,275.0,66.0,208.0,147.0,269.0,43.0,226.0,38.0,37.0,6.0,7.0,0.53,38.0,37.0,6.0,0.0
1052,m_errors.F90,2.0,2.0,1.0,32.0,7.0,16.0,9.0,27.0,1.0,1.0,25.0,1712.0,330.0,526.0,256.0,158.0,880.0,433.0,254.0,179.0,9.0,9.0,3.0,3.0,1.67,75.0,75.0,27.0,0.0
1053,m_sortph.F90,7.0,7.0,1.0,63.0,9.0,43.0,12.0,2.0,1.0,1.0,2.0,236.0,33.0,102.0,41.0,60.0,106.0,92.0,36.0,56.0,11.0,11.0,1.0,4.0,1.04,15.0,15.0,2.0,0.0
1054,m_crystal_io.F90,1.0,1.0,1.0,52.0,10.0,27.0,14.0,4.0,1.0,1.0,4.0,343.0,60.0,128.0,46.0,9.0,163.0,51.0,42.0,9.0,3.0,3.0,1.0,1.0,1.27,6.0,6.0,4.0,0.0
1055,prtimg.F90,7.0,7.0,1.0,79.0,12.0,56.0,12.0,2.0,0.0,1.0,1.0,212.0,27.0,114.0,39.0,74.0,75.0,80.0,23.0,57.0,15.0,15.0,3.0,3.0,0.66,15.0,15.0,3.0,0.0
1056,test_md5_sum_from_string.F90,2.0,2.0,1.0,47.0,10.0,24.0,13.0,1.0,0.0,1.0,1.0,83.0,12.0,25.0,10.0,5.0,47.0,14.0,9.0,5.0,2.0,2.0,1.0,1.0,1.88,2.0,2.0,1.0,0.0
1057,m_xieee.F90,1.0,1.0,1.0,31.0,5.0,11.0,15.0,2.0,1.0,1.0,2.0,154.0,26.0,33.0,15.0,2.0,99.0,16.0,14.0,2.0,1.0,1.0,1.0,0.0,3.00,2.0,2.0,2.0,0.0
1058,eig2tot.F90,43.0,43.0,12.0,298.0,25.0,231.0,58.0,2.0,0.0,1.0,1.0,684.0,54.0,464.0,106.0,332.0,199.0,384.0,66.0,318.0,87.0,87.0,24.0,13.0,0.43,87.0,87.0,24.0,0.0
1059,m_Vector.F90,2.0,2.0,1.0,23.0,4.0,13.0,6.0,7.0,1.0,1.0,7.0,467.0,51.0,111.0,56.0,46.0,307.0,114.0,55.0,59.0,3.0,3.0,1.0,2.0,2.77,18.0,18.0,7.0,0.0
1060,gaus_dos.F90,18.0,18.0,0.0,165.0,18.0,128.0,29.0,2.0,0.0,1.0,1.0,389.0,40.0,258.0,63.0,194.0,114.0,183.0,33.0,150.0,37.0,37.0,1.0,5.0,0.44,37.0,37.0,1.0,0.0
1061,symlist_prim.F90,165.0,157.0,1.0,414.0,66.0,329.0,19.0,1.0,0.0,1.0,1.0,461.0,70.0,331.0,10.0,320.0,62.0,481.0,9.0,472.0,165.0,157.0,1.0,3.0,0.19,165.0,157.0,1.0,0.0
1062,berryphase_new.F90,167.0,167.0,14.0,1521.0,229.0,948.0,412.0,1.0,0.0,1.0,1.0,1631.0,232.0,950.0,191.0,758.0,519.0,768.0,84.0,684.0,167.0,167.0,14.0,11.0,0.55,167.0,167.0,14.0,0.0
1063,gg1cc.F90,5.0,5.0,1.0,49.0,8.0,23.0,18.0,1.0,0.0,1.0,1.0,85.0,12.0,25.0,12.0,12.0,50.0,22.0,11.0,11.0,5.0,5.0,1.0,1.0,2.00,5.0,5.0,1.0,0.0
1064,permutations.F90,3.0,3.0,1.0,36.0,9.0,17.0,10.0,1.0,0.0,1.0,1.0,75.0,13.0,19.0,9.0,9.0,45.0,17.0,8.0,9.0,3.0,3.0,1.0,2.0,2.37,3.0,3.0,1.0,0.0
1065,recip_ylm.F90,20.0,20.0,1.0,219.0,32.0,155.0,42.0,1.0,0.0,1.0,1.0,277.0,35.0,157.0,53.0,103.0,97.0,129.0,34.0,95.0,20.0,20.0,1.0,4.0,0.62,20.0,20.0,1.0,0.0
1066,critic.F90,15.0,15.0,5.0,122.0,18.0,79.0,27.0,3.0,0.0,2.0,2.0,450.0,63.0,241.0,44.0,195.0,157.0,233.0,33.0,200.0,39.0,37.0,16.0,5.0,0.65,47.0,45.0,17.0,0.0
1067,pred_delocint.F90,37.0,37.0,0.0,287.0,44.0,180.0,65.0,2.0,0.0,1.0,1.0,644.0,91.0,363.0,70.0,292.0,197.0,320.0,46.0,274.0,74.0,74.0,1.0,4.0,0.54,74.0,74.0,1.0,0.0
1068,herald.F90,5.0,5.0,1.0,115.0,17.0,77.0,21.0,1.0,0.0,1.0,1.0,157.0,21.0,79.0,20.0,57.0,59.0,51.0,18.0,33.0,5.0,5.0,1.0,1.0,0.75,5.0,5.0,1.0,0.0
1069,xmpi_recv.finc,1.0,1.0,1.0,35.0,8.0,14.0,12.0,6.0,0.0,6.0,6.0,410.0,65.0,84.0,37.0,6.0,261.0,43.0,37.0,6.0,1.0,1.0,1.0,0.0,3.11,6.0,6.0,6.0,0.0
1070,scfeig.F90,16.0,16.0,4.0,143.0,18.0,98.0,28.0,1.0,0.0,1.0,1.0,191.0,22.0,100.0,16.0,83.0,72.0,83.0,15.0,68.0,16.0,16.0,4.0,3.0,0.72,16.0,16.0,4.0,0.0
1071,m_bse_io.F90,9.0,9.0,4.0,86.0,14.0,51.0,25.0,15.0,1.0,1.0,15.0,1772.0,264.0,800.0,234.0,420.0,779.0,629.0,182.0,447.0,40.0,40.0,19.0,7.0,0.97,139.0,138.0,60.0,0.0
1072,xmpi_land_lor.finc,1.0,1.0,1.0,37.0,9.0,14.0,13.0,4.0,0.0,4.0,4.0,224.0,46.0,59.0,20.0,0.0,119.0,20.0,20.0,0.0,1.0,1.0,1.0,0.0,2.02,4.0,4.0,4.0,0.0
1073,m_invovl.F90,8.0,8.0,1.0,99.0,15.0,68.0,17.0,6.0,1.0,1.0,6.0,806.0,125.0,431.0,167.0,263.0,260.0,387.0,135.0,252.0,27.0,27.0,3.0,6.0,0.60,53.0,53.0,10.0,0.0
1074,gammapositron_fft.F90,2.0,2.0,0.0,37.0,7.0,21.0,9.0,2.0,0.0,1.0,1.0,131.0,17.0,45.0,28.0,16.0,71.0,37.0,18.0,19.0,5.0,5.0,1.0,2.0,1.58,5.0,5.0,1.0,0.0
1075,mka2f_tr.F90,43.0,43.0,11.0,466.0,62.0,325.0,118.0,2.0,0.0,1.0,1.0,996.0,128.0,653.0,127.0,525.0,296.0,545.0,71.0,474.0,87.0,87.0,23.0,10.0,0.45,87.0,87.0,23.0,0.0
1076,m_pawdij.F90,47.0,47.0,1.0,265.0,29.0,191.0,54.0,17.0,0.0,2.0,17.0,333.0,45.0,184.0,34.0,123.0,107.0,187.0,32.0,155.0,202.0,202.0,8.0,10.0,0.58,799.0,799.0,27.0,0.0
1077,m_pbc_lotf.F90,1.0,1.0,1.0,24.0,6.0,10.0,8.0,7.0,1.0,1.0,7.0,323.0,62.0,96.0,58.0,37.0,173.0,88.0,51.0,37.0,4.0,4.0,1.0,2.0,1.80,13.0,13.0,7.0,0.0
1078,anaddb_init.F90,1.0,1.0,1.0,42.0,7.0,26.0,9.0,1.0,0.0,1.0,1.0,89.0,11.0,28.0,6.0,21.0,52.0,26.0,5.0,21.0,1.0,1.0,1.0,0.0,1.86,1.0,1.0,1.0,0.0
1079,linear_optics_paw.F90,20.0,20.0,1.0,275.0,39.0,194.0,64.0,1.0,0.0,1.0,1.0,322.0,42.0,196.0,66.0,129.0,108.0,158.0,34.0,124.0,20.0,20.0,1.0,8.0,0.55,20.0,20.0,1.0,0.0
1080,wvl_descr_free.F90,2.0,2.0,1.0,40.0,7.0,17.0,16.0,1.0,0.0,1.0,1.0,68.0,9.0,19.0,8.0,2.0,42.0,8.0,6.0,2.0,2.0,2.0,1.0,1.0,2.21,2.0,2.0,1.0,0.0
1081,meanvalue_g.F90,32.0,32.0,1.0,189.0,26.0,110.0,59.0,1.0,0.0,1.0,1.0,236.0,30.0,112.0,22.0,89.0,102.0,106.0,16.0,90.0,32.0,32.0,1.0,5.0,0.91,32.0,32.0,1.0,0.0
1082,m_rec_tools.F90,4.0,4.0,2.0,45.0,6.0,28.0,10.0,3.0,1.0,1.0,3.0,278.0,39.0,99.0,49.0,49.0,146.0,92.0,41.0,51.0,7.0,7.0,5.0,5.0,1.47,13.0,13.0,7.0,0.0
1083,symsgortho.F90,44.0,25.0,0.0,237.0,11.0,205.0,41.0,2.0,0.0,1.0,1.0,523.0,26.0,412.0,18.0,393.0,127.0,454.0,16.0,438.0,89.0,51.0,1.0,3.0,0.31,89.0,51.0,1.0,0.0
1084,newvtr.F90,35.0,35.0,0.0,246.0,25.0,190.0,32.0,2.0,0.0,1.0,1.0,639.0,54.0,383.0,109.0,272.0,208.0,328.0,63.0,265.0,71.0,71.0,1.0,6.0,0.54,71.0,71.0,1.0,0.0
1085,bonds_lgth_angles.F90,11.0,11.0,3.0,115.0,18.0,72.0,24.0,3.0,0.0,1.0,2.0,377.0,56.0,210.0,45.0,164.0,114.0,172.0,30.0,142.0,34.0,34.0,10.0,0.0,0.54,35.0,35.0,11.0,0.0
1086,der_int.F90,6.0,6.0,1.0,82.0,14.0,50.0,18.0,1.0,0.0,1.0,1.0,125.0,18.0,52.0,18.0,33.0,57.0,37.0,15.0,22.0,6.0,6.0,1.0,1.0,1.10,6.0,6.0,1.0,0.0
1087,ptg_C3.F90,2.0,2.0,1.0,72.0,8.0,52.0,12.0,1.0,0.0,1.0,1.0,112.0,12.0,54.0,19.0,34.0,48.0,46.0,11.0,35.0,2.0,2.0,1.0,1.0,0.89,2.0,2.0,1.0,0.0
1088,wvl_setngfft.F90,2.0,2.0,1.0,77.0,13.0,42.0,28.0,1.0,0.0,1.0,1.0,122.0,16.0,44.0,11.0,1.0,70.0,11.0,9.0,2.0,2.0,2.0,1.0,1.0,1.59,2.0,2.0,1.0,0.0
1089,m_global.F90,1.0,1.0,1.0,29.0,3.0,12.0,13.0,3.0,1.0,1.0,3.0,237.0,23.0,52.0,21.0,4.0,165.0,27.0,20.0,7.0,1.0,1.0,1.0,0.0,3.17,3.0,3.0,3.0,0.0
1090,m_fstrings.F90,3.0,3.0,1.0,27.0,6.0,13.0,7.0,41.0,1.0,1.0,41.0,1949.0,424.0,642.0,306.0,335.0,930.0,679.0,305.0,374.0,12.0,12.0,6.0,3.0,1.45,137.0,137.0,72.0,0.0
1091,wvl_wfsinp_scratch.F90,2.0,2.0,1.0,164.0,25.0,105.0,38.0,1.0,0.0,1.0,1.0,217.0,28.0,107.0,24.0,1.0,88.0,24.0,22.0,2.0,2.0,2.0,1.0,1.0,0.82,2.0,2.0,1.0,0.0
1092,cohsex_me.F90,45.0,45.0,5.0,399.0,42.0,254.0,122.0,2.0,0.0,1.0,1.0,904.0,87.0,511.0,155.0,350.0,348.0,441.0,87.0,354.0,91.0,90.0,10.0,9.0,0.68,91.0,90.0,10.0,0.0
1093,fillcell.F90,11.0,11.0,5.0,131.0,22.0,66.0,43.0,1.0,0.0,1.0,1.0,190.0,26.0,68.0,20.0,47.0,98.0,55.0,17.0,38.0,11.0,11.0,5.0,4.0,1.44,11.0,11.0,5.0,0.0
1094,create_nc_file.F90,1.0,1.0,1.0,43.0,9.0,17.0,17.0,1.0,0.0,1.0,1.0,78.0,12.0,19.0,10.0,1.0,49.0,10.0,9.0,1.0,1.0,1.0,1.0,0.0,2.58,1.0,1.0,1.0,0.0
1095,wvl_wfs_lr_copy.F90,2.0,2.0,1.0,55.0,10.0,31.0,14.0,1.0,0.0,1.0,1.0,83.0,13.0,33.0,10.0,1.0,39.0,10.0,8.0,2.0,2.0,2.0,1.0,1.0,1.18,2.0,2.0,1.0,0.0
1096,kgindex.F90,6.0,6.0,1.0,73.0,12.0,44.0,17.0,1.0,0.0,1.0,1.0,115.0,15.0,46.0,18.0,27.0,56.0,44.0,15.0,29.0,6.0,6.0,1.0,2.0,1.22,6.0,6.0,1.0,0.0
1097,ep_el_weights.F90,20.0,20.0,1.0,204.0,40.0,118.0,48.0,1.0,0.0,1.0,1.0,268.0,43.0,120.0,46.0,73.0,109.0,104.0,36.0,68.0,20.0,20.0,1.0,6.0,0.91,20.0,20.0,1.0,0.0
1098,mrgscr.F90,186.0,175.0,28.0,1318.0,204.0,1007.0,217.0,1.0,0.0,1.0,1.0,1370.0,207.0,1009.0,182.0,826.0,266.0,902.0,82.0,820.0,186.0,175.0,28.0,10.0,0.26,186.0,175.0,28.0,0.0
1099,uderiv.F90,25.0,25.0,3.0,225.0,42.0,156.0,31.0,2.0,0.0,1.0,1.0,543.0,88.0,315.0,82.0,232.0,152.0,251.0,46.0,205.0,50.0,50.0,6.0,7.0,0.48,50.0,50.0,6.0,0.0
1100,m_ab7_symmetry.F90,5.0,5.0,1.0,36.0,7.0,23.0,6.0,30.0,1.0,1.0,30.0,1249.0,278.0,760.0,294.0,465.0,213.0,770.0,263.0,507.0,21.0,21.0,5.0,3.0,0.28,162.0,162.0,48.0,0.0
1101,make_efg_ion.F90,33.0,33.0,1.0,195.0,21.0,133.0,85.0,1.0,0.0,1.0,1.0,256.0,24.0,135.0,31.0,103.0,143.0,129.0,24.0,105.0,33.0,33.0,1.0,12.0,1.06,33.0,33.0,1.0,0.0
1102,testfi.F90,23.0,23.0,1.0,268.0,42.0,182.0,45.0,1.0,0.0,1.0,1.0,315.0,47.0,184.0,21.0,162.0,87.0,167.0,19.0,148.0,23.0,23.0,1.0,4.0,0.47,23.0,23.0,1.0,0.0
1103,wvl_projectors_set.F90,2.0,2.0,1.0,93.0,13.0,58.0,22.0,1.0,0.0,1.0,1.0,141.0,16.0,60.0,20.0,2.0,67.0,20.0,18.0,2.0,2.0,2.0,1.0,1.0,1.12,2.0,2.0,1.0,0.0
1104,int_ang.F90,2.0,2.0,1.0,390.0,13.0,187.0,191.0,1.0,0.0,1.0,1.0,432.0,16.0,189.0,12.0,176.0,230.0,186.0,10.0,176.0,2.0,2.0,1.0,1.0,1.22,2.0,2.0,1.0,0.0
1105,m_wfk.F90,10.0,9.0,4.0,128.0,25.0,79.0,27.0,29.0,1.0,1.0,29.0,5228.0,970.0,2564.0,680.0,1031.0,1817.0,1455.0,422.0,1033.0,38.0,37.0,25.0,6.0,0.71,294.0,289.0,120.0,0.0
1106,m_ppmodel.F90,12.0,11.0,1.0,117.0,19.0,71.0,32.0,19.0,1.0,1.0,19.0,3061.0,463.0,1428.0,511.0,909.0,1278.0,1232.0,325.0,907.0,22.0,21.0,5.0,7.0,0.89,237.0,216.0,23.0,0.0
1107,elt_ewald.F90,48.0,48.0,1.0,394.0,51.0,268.0,91.0,1.0,0.0,1.0,1.0,445.0,55.0,270.0,44.0,225.0,138.0,239.0,31.0,208.0,48.0,48.0,1.0,11.0,0.51,48.0,48.0,1.0,0.0
1108,evdw_wannier.F90,32.0,32.0,14.0,210.0,40.0,140.0,38.0,7.0,0.0,6.0,6.0,1689.0,299.0,984.0,199.0,784.0,467.0,858.0,96.0,762.0,163.0,163.0,62.0,10.0,0.47,230.0,230.0,100.0,0.0
1109,datafordmft.F90,29.0,29.0,2.0,292.0,24.0,188.0,100.0,4.0,0.0,1.0,3.0,1002.0,85.0,586.0,122.0,463.0,389.0,526.0,94.0,432.0,79.0,79.0,8.0,14.0,0.66,117.0,117.0,10.0,0.0
1110,optic.F90,37.0,37.0,5.0,571.0,85.0,413.0,92.0,1.0,0.0,1.0,1.0,650.0,88.0,415.0,132.0,285.0,168.0,356.0,73.0,283.0,37.0,37.0,5.0,4.0,0.40,37.0,37.0,5.0,0.0
1111,symspgr.F90,43.0,43.0,4.0,190.0,17.0,139.0,43.0,2.0,0.0,1.0,1.0,450.0,37.0,281.0,44.0,236.0,153.0,282.0,26.0,256.0,87.0,87.0,9.0,7.0,0.54,87.0,87.0,9.0,0.0
1112,set_istwfk.F90,5.0,5.0,1.0,45.0,10.0,23.0,13.0,1.0,0.0,1.0,1.0,97.0,14.0,25.0,9.0,15.0,61.0,23.0,8.0,15.0,5.0,5.0,1.0,2.0,2.44,5.0,5.0,1.0,0.0
1113,wvl_mkrho.F90,2.0,2.0,1.0,80.0,16.0,44.0,20.0,1.0,0.0,1.0,1.0,126.0,20.0,46.0,24.0,2.0,62.0,20.0,18.0,2.0,2.0,2.0,1.0,1.0,1.35,2.0,2.0,1.0,0.0
1114,m_gaussian_quadrature.F90,8.0,8.0,2.0,126.0,19.0,50.0,56.0,18.0,1.0,1.0,20.0,2706.0,402.0,928.0,312.0,615.0,1395.0,874.0,266.0,608.0,33.0,33.0,12.0,4.0,1.50,145.0,145.0,43.0,0.0
1115,pawpuxinit.F90,43.0,43.0,0.0,288.0,18.0,230.0,45.0,2.0,0.0,1.0,1.0,648.0,40.0,463.0,64.0,398.0,159.0,400.0,30.0,370.0,87.0,87.0,1.0,10.0,0.34,87.0,87.0,1.0,0.0
1116,m_pawcprj.F90,15.0,15.0,2.0,211.0,29.0,126.0,62.0,24.0,0.0,1.0,24.0,2954.0,391.0,1525.0,273.0,1159.0,1121.0,1608.0,264.0,1344.0,42.0,42.0,9.0,8.0,0.74,365.0,364.0,48.0,0.0
1117,m_blas.F90,2.0,2.0,1.0,41.0,7.0,17.0,16.0,14.0,1.0,1.0,44.0,1471.0,192.0,554.0,403.0,82.0,737.0,486.0,400.0,86.0,4.0,4.0,1.0,1.0,1.33,32.0,32.0,14.0,0.0
1118,initro.F90,5.0,5.0,0.0,51.0,9.0,29.0,13.0,11.0,0.0,1.0,8.0,543.0,85.0,296.0,74.0,221.0,174.0,277.0,62.0,215.0,49.0,49.0,1.0,0.0,0.59,56.0,56.0,8.0,0.0
1119,invars2.F90,380.0,380.0,2.0,1405.0,272.0,1056.0,87.0,2.0,0.0,1.0,1.0,2879.0,548.0,2115.0,108.0,1985.0,239.0,2425.0,42.0,2383.0,760.0,760.0,5.0,6.0,0.11,760.0,760.0,5.0,0.0
1120,d2kindstr2.F90,16.0,16.0,1.0,140.0,20.0,98.0,27.0,1.0,0.0,1.0,1.0,198.0,24.0,100.0,18.0,81.0,81.0,78.0,16.0,62.0,16.0,16.0,1.0,5.0,0.81,16.0,16.0,1.0,0.0
1121,m_hdr.F90,10.0,10.0,2.0,108.0,17.0,72.0,19.0,33.0,1.0,1.0,33.0,4666.0,682.0,2474.0,544.0,1489.0,1568.0,1803.0,334.0,1469.0,129.0,129.0,23.0,4.0,0.63,352.0,333.0,94.0,0.0
1122,wvl_hpsitopsi.F90,2.0,2.0,1.0,167.0,32.0,84.0,51.0,1.0,0.0,1.0,1.0,217.0,35.0,86.0,25.0,2.0,98.0,22.0,20.0,2.0,2.0,2.0,1.0,1.0,1.14,2.0,2.0,1.0,0.0
1123,randomcellpos.F90,11.0,10.0,8.0,102.0,5.0,72.0,24.0,2.0,0.0,1.0,1.0,257.0,15.0,147.0,24.0,122.0,97.0,149.0,22.0,127.0,23.0,20.0,16.0,5.0,0.66,23.0,20.0,16.0,0.0
1124,psp11lo.F90,6.0,6.0,1.0,118.0,18.0,55.0,45.0,1.0,0.0,1.0,1.0,171.0,21.0,57.0,20.0,36.0,95.0,49.0,16.0,33.0,6.0,6.0,1.0,2.0,1.67,6.0,6.0,1.0,0.0
1125,initylmg.F90,41.0,41.0,3.0,319.0,29.0,236.0,61.0,1.0,0.0,1.0,1.0,395.0,32.0,238.0,49.0,188.0,134.0,210.0,33.0,177.0,41.0,41.0,3.0,10.0,0.56,41.0,41.0,3.0,0.0
1126,zerosym.F90,27.0,27.0,1.0,154.0,16.0,122.0,24.0,1.0,0.0,1.0,1.0,198.0,19.0,124.0,24.0,99.0,65.0,128.0,15.0,113.0,27.0,27.0,1.0,5.0,0.52,27.0,27.0,1.0,0.0
1127,suscep_stat.F90,36.0,36.0,2.0,328.0,47.0,234.0,53.0,2.0,0.0,1.0,1.0,775.0,98.0,470.0,135.0,334.0,220.0,401.0,63.0,338.0,72.0,72.0,4.0,6.0,0.47,72.0,72.0,4.0,0.0
1128,setmqgrid.F90,6.0,6.0,1.0,76.0,10.0,56.0,10.0,1.0,0.0,1.0,1.0,120.0,14.0,58.0,16.0,41.0,50.0,38.0,13.0,25.0,6.0,6.0,1.0,3.0,0.86,6.0,6.0,1.0,0.0
1129,mkffnl.F90,118.0,118.0,1.0,510.0,34.0,386.0,99.0,1.0,0.0,1.0,1.0,662.0,37.0,388.0,70.0,317.0,248.0,365.0,29.0,336.0,118.0,118.0,1.0,11.0,0.64,118.0,118.0,1.0,0.0
1130,m_paw_pwaves_lmn.F90,20.0,20.0,1.0,169.0,21.0,115.0,40.0,2.0,1.0,1.0,2.0,499.0,73.0,260.0,103.0,156.0,186.0,215.0,56.0,159.0,33.0,33.0,1.0,5.0,0.72,40.0,40.0,2.0,0.0
1131,dfpt_symph.F90,27.0,27.0,3.0,204.0,22.0,153.0,46.0,1.0,0.0,1.0,1.0,252.0,26.0,155.0,33.0,121.0,90.0,127.0,18.0,109.0,27.0,27.0,3.0,6.0,0.58,27.0,27.0,3.0,0.0
1132,pawuj_red.F90,10.0,10.0,0.0,112.0,15.0,81.0,21.0,2.0,0.0,1.0,1.0,270.0,33.0,165.0,56.0,108.0,84.0,155.0,37.0,118.0,20.0,20.0,1.0,4.0,0.51,20.0,20.0,1.0,0.0
1133,m_pimd.F90,11.0,11.0,1.0,75.0,11.0,49.0,15.0,24.0,1.0,1.0,24.0,2717.0,356.0,1255.0,352.0,902.0,1146.0,1159.0,286.0,873.0,36.0,34.0,1.0,7.0,0.91,280.0,273.0,24.0,0.0
1134,respfn.F90,83.0,83.0,0.0,799.0,94.0,598.0,116.0,2.0,0.0,1.0,1.0,1709.0,192.0,1198.0,361.0,828.0,339.0,906.0,129.0,777.0,166.0,166.0,1.0,7.0,0.28,166.0,166.0,1.0,0.0
1135,prtfatbands.F90,35.0,35.0,1.0,221.0,27.0,176.0,43.0,1.0,0.0,1.0,1.0,268.0,31.0,178.0,47.0,130.0,86.0,153.0,31.0,122.0,35.0,35.0,1.0,9.0,0.48,35.0,35.0,1.0,0.0
1136,create_mlms2jmj.F90,10.0,10.0,1.0,80.0,9.0,55.0,19.0,1.0,0.0,1.0,1.0,115.0,11.0,57.0,20.0,36.0,52.0,50.0,14.0,36.0,10.0,10.0,1.0,4.0,0.91,10.0,10.0,1.0,0.0
1137,ptg_D3.F90,2.0,2.0,1.0,84.0,8.0,64.0,12.0,1.0,0.0,1.0,1.0,124.0,12.0,66.0,19.0,46.0,48.0,58.0,11.0,47.0,2.0,2.0,1.0,1.0,0.73,2.0,2.0,1.0,0.0
1138,mlwfovlp.F90,54.0,54.0,30.0,430.0,26.0,284.0,158.0,3.0,0.0,1.0,2.0,1308.0,74.0,825.0,163.0,577.0,518.0,648.0,89.0,559.0,162.0,162.0,91.0,1.0,0.63,164.0,164.0,92.0,0.0
1139,m_eval_lotf.F90,10.0,10.0,1.0,104.0,21.0,68.0,18.0,7.0,1.0,1.0,7.0,913.0,168.0,493.0,149.0,345.0,272.0,455.0,131.0,324.0,31.0,31.0,5.0,5.0,0.55,74.0,74.0,12.0,0.0
1140,opernla_ylm.F90,353.0,353.0,1.0,2488.0,61.0,1910.0,554.0,1.0,0.0,1.0,1.0,2599.0,64.0,1912.0,70.0,1839.0,662.0,2104.0,37.0,2067.0,353.0,353.0,1.0,10.0,0.35,353.0,353.0,1.0,0.0
1141,timana.F90,166.0,75.0,108.0,1591.0,169.0,1272.0,178.0,1.0,0.0,1.0,1.0,1698.0,172.0,1274.0,34.0,1209.0,282.0,1394.0,31.0,1363.0,166.0,75.0,108.0,7.0,0.22,166.0,75.0,108.0,0.0
1142,complete_gamma_tr.F90,41.0,41.0,9.0,330.0,61.0,218.0,63.0,1.0,0.0,1.0,1.0,374.0,64.0,220.0,36.0,183.0,104.0,178.0,30.0,148.0,41.0,41.0,9.0,8.0,0.47,41.0,41.0,9.0,0.0
1143,prtefield.F90,29.0,29.0,1.0,349.0,67.0,225.0,73.0,1.0,0.0,1.0,1.0,398.0,71.0,227.0,19.0,190.0,118.0,115.0,18.0,97.0,29.0,29.0,1.0,3.0,0.52,29.0,29.0,1.0,0.0
1144,m_hamiltonian.F90,14.0,14.0,1.0,92.0,14.0,63.0,16.0,13.0,1.0,1.0,13.0,2175.0,360.0,957.0,368.0,575.0,889.0,926.0,279.0,647.0,32.0,32.0,3.0,5.0,0.93,194.0,192.0,15.0,0.0
1145,elphon.F90,60.0,60.0,0.0,634.0,111.0,413.0,130.0,2.0,0.0,1.0,1.0,1366.0,225.0,829.0,148.0,680.0,356.0,700.0,62.0,638.0,120.0,120.0,1.0,7.0,0.43,120.0,120.0,1.0,0.0
1146,electrooptic.F90,29.0,29.0,1.0,220.0,48.0,147.0,31.0,1.0,0.0,1.0,1.0,281.0,52.0,149.0,24.0,124.0,88.0,131.0,17.0,114.0,29.0,29.0,1.0,7.0,0.59,29.0,29.0,1.0,0.0
1147,inupper.F90,6.0,6.0,1.0,60.0,7.0,33.0,20.0,1.0,0.0,1.0,1.0,104.0,10.0,35.0,14.0,20.0,61.0,29.0,12.0,17.0,6.0,6.0,1.0,3.0,1.74,6.0,6.0,1.0,0.0
1148,m_libpaw_tools.F90,3.0,3.0,1.0,37.0,9.0,18.0,10.0,18.0,0.0,0.0,18.0,1.0,0.0,0.0,0.0,0.0,1.0,0.0,0.0,0.0,8.0,8.0,3.0,3.0,0.00,62.0,61.0,26.0,0.0
1149,m_glue_lotf.F90,4.0,4.0,1.0,51.0,11.0,29.0,10.0,10.0,1.0,1.0,10.0,766.0,140.0,327.0,92.0,234.0,306.0,290.0,79.0,211.0,6.0,6.0,1.0,2.0,0.94,42.0,42.0,10.0,0.0
1150,out_acknowl.F90,49.0,49.0,1.0,483.0,89.0,337.0,57.0,1.0,0.0,1.0,1.0,524.0,92.0,339.0,26.0,312.0,95.0,240.0,17.0,223.0,49.0,49.0,1.0,6.0,0.28,49.0,49.0,1.0,0.0
1151,m_psxml2ab.F90,1.0,1.0,1.0,16.0,5.0,6.0,5.0,1.0,1.0,2.0,1.0,424.0,59.0,245.0,11.0,0.0,123.0,9.0,9.0,0.0,1.0,1.0,1.0,0.0,0.50,1.0,1.0,1.0,0.0
1152,dfptff_gbefd.F90,55.0,55.0,1.0,408.0,55.0,319.0,44.0,1.0,0.0,1.0,1.0,471.0,59.0,321.0,39.0,281.0,103.0,282.0,25.0,257.0,55.0,55.0,1.0,5.0,0.32,55.0,55.0,1.0,0.0
1153,m_haydock_io.F90,2.0,2.0,1.0,37.0,9.0,18.0,11.0,7.0,1.0,1.0,7.0,529.0,109.0,159.0,91.0,67.0,281.0,145.0,79.0,66.0,7.0,7.0,3.0,3.0,1.77,19.0,19.0,9.0,0.0
1154,pawmkaewf.F90,26.0,26.0,0.0,318.0,44.0,230.0,55.0,2.0,0.0,1.0,1.0,720.0,92.0,463.0,137.0,273.0,192.0,359.0,77.0,282.0,52.0,52.0,1.0,7.0,0.41,52.0,52.0,1.0,0.0
1155,mover.F90,45.0,40.0,6.0,489.0,68.0,264.0,159.0,2.0,0.0,1.0,1.0,1099.0,140.0,531.0,80.0,409.0,437.0,407.0,67.0,340.0,91.0,80.0,13.0,7.0,0.82,91.0,80.0,13.0,0.0
1156,m_bandfft_kpt.F90,21.0,21.0,2.0,135.0,12.0,109.0,14.0,12.0,1.0,1.0,12.0,2131.0,200.0,1378.0,408.0,969.0,597.0,1152.0,175.0,977.0,69.0,69.0,7.0,6.0,0.43,255.0,255.0,27.0,0.0
1157,ptg_Th.F90,2.0,2.0,1.0,319.0,15.0,291.0,13.0,1.0,0.0,1.0,1.0,359.0,19.0,293.0,24.0,268.0,49.0,280.0,11.0,269.0,2.0,2.0,1.0,1.0,0.17,2.0,2.0,1.0,0.0
1158,frskerker1.F90,1.0,1.0,1.0,29.0,4.0,15.0,9.0,5.0,1.0,1.0,5.0,314.0,36.0,97.0,61.0,35.0,186.0,87.0,54.0,33.0,2.0,2.0,1.0,1.0,1.92,9.0,9.0,5.0,0.0
1159,m_sigma.F90,9.0,8.0,1.0,107.0,14.0,77.0,17.0,11.0,1.0,1.0,11.0,1649.0,240.0,920.0,232.0,527.0,525.0,578.0,167.0,411.0,30.0,30.0,1.0,8.0,0.57,104.0,97.0,11.0,0.0
1160,ingeobld.F90,88.0,88.0,1.0,638.0,78.0,480.0,80.0,1.0,0.0,1.0,1.0,688.0,81.0,482.0,63.0,418.0,127.0,374.0,28.0,346.0,88.0,88.0,1.0,7.0,0.26,88.0,88.0,1.0,0.0
1161,inkpts.F90,49.0,49.0,1.0,378.0,59.0,273.0,48.0,1.0,0.0,1.0,1.0,469.0,62.0,275.0,62.0,212.0,136.0,218.0,32.0,186.0,49.0,49.0,1.0,4.0,0.49,49.0,49.0,1.0,0.0
1162,pawgylmg.F90,7.0,7.0,1.0,99.0,23.0,59.0,17.0,1.0,0.0,1.0,1.0,143.0,26.0,61.0,30.0,30.0,58.0,49.0,17.0,32.0,7.0,7.0,1.0,3.0,0.95,7.0,7.0,1.0,0.0
1163,detect_fc.F90,1.0,1.0,1.0,45.0,5.0,19.0,21.0,1.0,0.0,1.0,1.0,45.0,5.0,19.0,3.0,0.0,21.0,3.0,3.0,0.0,1.0,1.0,1.0,0.0,1.11,1.0,1.0,1.0,0.0
1164,dtfil_init_time.F90,1.0,1.0,1.0,84.0,13.0,55.0,16.0,1.0,0.0,1.0,1.0,131.0,17.0,57.0,15.0,41.0,59.0,53.0,12.0,41.0,1.0,1.0,1.0,0.0,1.04,1.0,1.0,1.0,0.0
1165,sort_int.F90,9.0,9.0,5.0,92.0,25.0,54.0,19.0,1.0,0.0,1.0,1.0,132.0,28.0,56.0,10.0,45.0,56.0,53.0,9.0,44.0,9.0,9.0,5.0,5.0,1.00,9.0,9.0,5.0,0.0
1166,symkpt.F90,48.0,48.0,25.0,311.0,44.0,182.0,97.0,1.0,0.0,1.0,1.0,377.0,47.0,184.0,30.0,153.0,160.0,170.0,21.0,149.0,48.0,48.0,25.0,8.0,0.87,48.0,48.0,25.0,0.0
1167,pw_orthon.F90,65.0,65.0,1.0,496.0,50.0,347.0,106.0,1.0,0.0,1.0,1.0,563.0,53.0,349.0,35.0,302.0,170.0,337.0,21.0,316.0,65.0,65.0,1.0,8.0,0.49,65.0,65.0,1.0,0.0
1168,jellium.F90,7.0,7.0,1.0,94.0,16.0,57.0,23.0,2.0,0.0,1.0,2.0,229.0,32.0,109.0,37.0,71.0,93.0,99.0,27.0,72.0,14.0,14.0,1.0,0.0,0.85,15.0,15.0,2.0,0.0
1169,ep_ph_weights.F90,8.0,8.0,1.0,123.0,26.0,70.0,28.0,1.0,0.0,1.0,1.0,176.0,29.0,72.0,36.0,35.0,78.0,60.0,30.0,30.0,8.0,8.0,1.0,5.0,1.08,8.0,8.0,1.0,0.0
1170,rhohxcpositron.F90,9.0,9.0,0.0,77.0,10.0,54.0,13.0,2.0,0.0,1.0,1.0,215.0,24.0,111.0,45.0,65.0,84.0,106.0,27.0,79.0,19.0,19.0,1.0,2.0,0.76,19.0,19.0,1.0,0.0
1171,get_tau_k.F90,50.0,50.0,11.0,433.0,62.0,336.0,84.0,2.0,0.0,1.0,1.0,909.0,128.0,674.0,164.0,509.0,208.0,559.0,71.0,488.0,100.0,100.0,22.0,9.0,0.31,100.0,100.0,22.0,0.0
1172,wvl_nhatgrid.F90,15.0,15.0,1.0,156.0,28.0,95.0,37.0,1.0,0.0,1.0,1.0,206.0,32.0,97.0,45.0,51.0,83.0,76.0,26.0,50.0,15.0,15.0,1.0,4.0,0.86,15.0,15.0,1.0,0.0
1173,green_kernel.F90,5.0,5.0,2.0,78.0,17.0,44.0,16.0,2.0,0.0,1.0,2.0,184.0,35.0,80.0,30.0,49.0,71.0,59.0,27.0,32.0,9.0,9.0,3.0,0.0,0.89,10.0,10.0,4.0,0.0
1174,mrgddb.F90,6.0,6.0,1.0,125.0,29.0,67.0,29.0,1.0,0.0,1.0,1.0,180.0,34.0,69.0,29.0,38.0,79.0,64.0,27.0,37.0,6.0,6.0,1.0,2.0,1.14,6.0,6.0,1.0,0.0
1175,m_ab7_mixing.F90,8.0,8.0,2.0,61.0,7.0,37.0,16.0,10.0,1.0,1.0,10.0,927.0,124.0,420.0,153.0,266.0,390.0,401.0,125.0,276.0,27.0,27.0,8.0,3.0,0.93,82.0,82.0,20.0,0.0
1176,coeffs_gausslegint.F90,4.0,4.0,1.0,54.0,18.0,31.0,5.0,1.0,0.0,1.0,1.0,94.0,21.0,33.0,8.0,24.0,42.0,32.0,7.0,25.0,4.0,4.0,1.0,3.0,1.27,4.0,4.0,1.0,0.0
1177,randac.F90,10.0,10.0,1.0,84.0,13.0,50.0,23.0,1.0,0.0,1.0,1.0,137.0,17.0,52.0,14.0,37.0,72.0,50.0,13.0,37.0,10.0,10.0,1.0,2.0,1.38,10.0,10.0,1.0,0.0
1178,ddb_hybrid.F90,67.0,67.0,5.0,418.0,62.0,300.0,57.0,1.0,0.0,1.0,1.0,480.0,66.0,302.0,39.0,261.0,115.0,260.0,29.0,231.0,67.0,67.0,5.0,8.0,0.38,67.0,67.0,5.0,0.0
1179,fxphas.F90,35.0,35.0,14.0,256.0,35.0,181.0,46.0,1.0,0.0,1.0,1.0,315.0,38.0,183.0,32.0,150.0,102.0,172.0,18.0,154.0,35.0,35.0,14.0,8.0,0.56,35.0,35.0,14.0,0.0
1180,fixsym.F90,5.0,5.0,1.0,49.0,8.0,28.0,13.0,1.0,0.0,1.0,1.0,98.0,12.0,30.0,12.0,17.0,58.0,20.0,10.0,10.0,5.0,5.0,1.0,4.0,1.93,5.0,5.0,1.0,0.0
1181,m_hash_md5.F90,1.0,1.0,1.0,27.0,7.0,10.0,8.0,9.0,1.0,1.0,14.0,486.0,104.0,143.0,105.0,37.0,245.0,134.0,95.0,39.0,4.0,4.0,1.0,2.0,1.71,15.0,15.0,9.0,0.0
1182,sigma.F90,139.0,137.0,3.0,1198.0,153.0,804.0,292.0,2.0,0.0,1.0,1.0,2484.0,309.0,1610.0,403.0,1184.0,670.0,1343.0,157.0,1186.0,279.0,275.0,6.0,8.0,0.42,279.0,275.0,6.0,0.0
1183,m_fft.F90,10.0,9.0,0.0,76.0,16.0,42.0,18.0,27.0,1.0,1.0,23.0,3056.0,559.0,1232.0,444.0,746.0,1333.0,1106.0,331.0,775.0,64.0,59.0,1.0,7.0,1.08,278.0,249.0,23.0,0.0
1184,fftbox_op_driver.finc,0.0,0.0,0.0,0.0,0.0,0.0,0.0,0.0,0.0,0.0,0.0,80.0,13.0,54.0,9.0,45.0,13.0,53.0,4.0,49.0,0.0,0.0,0.0,0.0,0.24,0.0,0.0,0.0,0.0
1185,opernlc_ylm.F90,182.0,182.0,1.0,1331.0,24.0,1033.0,346.0,1.0,0.0,1.0,1.0,1425.0,27.0,1035.0,83.0,717.0,437.0,817.0,32.0,785.0,182.0,182.0,1.0,9.0,0.42,182.0,182.0,1.0,0.0
1186,fallbacks.f90,9.0,8.0,2.0,97.0,18.0,58.0,21.0,3.0,0.0,3.0,3.0,41.0,13.0,24.0,17.0,7.0,4.0,24.0,17.0,7.0,13.0,13.0,4.0,3.0,0.17,29.0,25.0,8.0,0.0
1187,fcart2fred.F90,3.0,3.0,1.0,46.0,9.0,17.0,20.0,1.0,0.0,1.0,1.0,92.0,13.0,19.0,11.0,7.0,62.0,15.0,10.0,5.0,3.0,3.0,1.0,2.0,3.26,3.0,3.0,1.0,0.0
1188,pawuenergy.F90,41.0,41.0,1.0,327.0,26.0,237.0,85.0,1.0,0.0,1.0,1.0,373.0,29.0,239.0,37.0,201.0,128.0,216.0,28.0,188.0,41.0,41.0,1.0,7.0,0.54,41.0,41.0,1.0,0.0
1189,m_mep.F90,11.0,11.0,1.0,87.0,12.0,59.0,17.0,11.0,1.0,1.0,11.0,1442.0,178.0,694.0,251.0,442.0,596.0,584.0,162.0,422.0,43.0,43.0,1.0,8.0,0.86,122.0,122.0,11.0,0.0
1190,wvl_denspot_set.F90,2.0,2.0,1.0,106.0,22.0,51.0,33.0,1.0,0.0,1.0,1.0,147.0,25.0,53.0,21.0,2.0,71.0,20.0,18.0,2.0,2.0,2.0,1.0,1.0,1.34,2.0,2.0,1.0,0.0
1191,calc_wf_qp.F90,11.0,11.0,1.0,114.0,22.0,71.0,26.0,1.0,0.0,1.0,1.0,160.0,25.0,73.0,27.0,45.0,69.0,55.0,14.0,41.0,11.0,11.0,1.0,6.0,0.95,11.0,11.0,1.0,0.0
1192,m_skw.F90,5.0,5.0,1.0,60.0,12.0,30.0,18.0,5.0,1.0,1.0,5.0,507.0,101.0,176.0,98.0,77.0,237.0,157.0,75.0,82.0,14.0,14.0,3.0,3.0,1.35,29.0,29.0,7.0,0.0
1193,clp.F90,3.0,3.0,1.0,28.0,7.0,13.0,8.0,1.0,0.0,1.0,1.0,63.0,11.0,15.0,7.0,7.0,39.0,13.0,6.0,7.0,3.0,3.0,1.0,1.0,2.60,3.0,3.0,1.0,0.0
1194,dfpt_nselt.F90,18.0,18.0,2.0,185.0,30.0,127.0,30.0,2.0,0.0,1.0,1.0,478.0,64.0,257.0,100.0,156.0,165.0,214.0,62.0,152.0,37.0,37.0,4.0,6.0,0.64,37.0,37.0,4.0,0.0
1195,ddb_write_blok.F90,42.0,42.0,1.0,170.0,19.0,128.0,39.0,1.0,0.0,1.0,1.0,235.0,22.0,130.0,15.0,114.0,101.0,114.0,13.0,101.0,42.0,42.0,1.0,10.0,0.78,42.0,42.0,1.0,0.0
1196,interpolate_gkk.F90,9.0,9.0,4.0,111.0,18.0,58.0,35.0,2.0,0.0,1.0,1.0,267.0,41.0,118.0,38.0,79.0,111.0,108.0,27.0,81.0,18.0,18.0,9.0,6.0,0.94,18.0,18.0,9.0,0.0
1197,xmpi_isum.finc,1.0,1.0,1.0,39.0,8.0,17.0,14.0,1.0,0.0,1.0,1.0,80.0,11.0,17.0,8.0,3.0,52.0,12.0,8.0,4.0,1.0,1.0,1.0,0.0,3.06,1.0,1.0,1.0,0.0
1198,setup_sigma.F90,33.0,32.0,4.0,303.0,38.0,208.0,65.0,4.0,0.0,3.0,3.0,1326.0,162.0,835.0,217.0,604.0,365.0,692.0,109.0,583.0,98.0,98.0,14.0,7.0,0.44,132.0,131.0,16.0,0.0
1199,m_paw_gaussfit.F90,7.0,7.0,1.0,73.0,9.0,42.0,24.0,25.0,0.0,6.0,25.0,497.0,88.0,164.0,61.0,95.0,252.0,161.0,60.0,101.0,54.0,54.0,10.0,5.0,1.54,192.0,192.0,41.0,0.0
1200,nonlop_gpu.F90,14.0,14.0,1.0,142.0,18.0,105.0,22.0,1.0,0.0,1.0,1.0,298.0,21.0,107.0,52.0,48.0,175.0,87.0,35.0,52.0,14.0,14.0,1.0,5.0,1.64,14.0,14.0,1.0,0.0
1201,integrate_gamma_tr.F90,13.0,13.0,1.0,151.0,26.0,99.0,33.0,1.0,0.0,1.0,1.0,196.0,30.0,101.0,31.0,69.0,74.0,82.0,25.0,57.0,13.0,13.0,1.0,8.0,0.73,13.0,13.0,1.0,0.0
1202,littlegroup_q.F90,17.0,17.0,1.0,115.0,21.0,63.0,35.0,1.0,0.0,1.0,1.0,173.0,25.0,65.0,19.0,45.0,89.0,65.0,18.0,47.0,17.0,17.0,1.0,5.0,1.37,17.0,17.0,1.0,0.0
1203,m_fold2block.F90,8.0,8.0,1.0,72.0,10.0,47.0,16.0,4.0,1.0,1.0,4.0,433.0,61.0,201.0,64.0,136.0,184.0,179.0,43.0,136.0,13.0,13.0,1.0,4.0,0.92,34.0,34.0,4.0,0.0
1204,m_libxc_functionals.F90,6.0,6.0,1.0,64.0,11.0,39.0,14.0,17.0,1.0,1.0,17.0,1914.0,268.0,903.0,198.0,348.0,790.0,555.0,188.0,367.0,32.0,32.0,4.0,7.0,0.87,109.0,109.0,28.0,0.0
1205,m_CtqmcInterface.F90,4.0,4.0,1.0,40.0,7.0,23.0,9.0,5.0,1.0,1.0,5.0,473.0,56.0,143.0,68.0,74.0,276.0,135.0,67.0,68.0,11.0,11.0,1.0,1.0,1.93,24.0,24.0,5.0,0.0
1206,moddiel_csrb.F90,3.0,3.0,1.0,79.0,14.0,42.0,24.0,1.0,0.0,1.0,1.0,126.0,18.0,44.0,21.0,22.0,67.0,39.0,20.0,19.0,3.0,3.0,1.0,2.0,1.52,3.0,3.0,1.0,0.0
1207,cspint.F90,14.0,14.0,6.0,141.0,26.0,98.0,19.0,1.0,0.0,1.0,1.0,228.0,29.0,100.0,24.0,75.0,103.0,91.0,21.0,70.0,14.0,14.0,6.0,4.0,1.03,14.0,14.0,6.0,0.0
1208,timein.F90,1.0,1.0,1.0,25.0,7.0,8.0,10.0,1.0,0.0,1.0,1.0,69.0,10.0,10.0,7.0,2.0,51.0,8.0,6.0,2.0,1.0,1.0,1.0,0.0,5.10,1.0,1.0,1.0,0.0
1209,inspln.F90,10.0,10.0,1.0,82.0,17.0,51.0,14.0,1.0,0.0,1.0,1.0,129.0,21.0,53.0,12.0,40.0,57.0,57.0,11.0,46.0,10.0,10.0,1.0,1.0,1.08,10.0,10.0,1.0,0.0
1210,atm2fft.F90,31.0,31.0,1.0,205.0,19.0,150.0,37.0,4.0,0.0,1.0,4.0,923.0,75.0,578.0,101.0,476.0,280.0,551.0,72.0,479.0,124.0,124.0,1.0,0.0,0.48,127.0,127.0,4.0,0.0
1211,indefo.F90,27.0,27.0,1.0,797.0,37.0,649.0,127.0,1.0,0.0,1.0,1.0,843.0,40.0,651.0,16.0,603.0,170.0,627.0,13.0,614.0,27.0,27.0,1.0,3.0,0.26,27.0,27.0,1.0,0.0
1212,scfcv.F90,128.0,128.0,6.0,959.0,104.0,718.0,154.0,2.0,0.0,1.0,1.0,2078.0,211.0,1439.0,315.0,1093.0,464.0,1187.0,171.0,1016.0,257.0,257.0,12.0,5.0,0.32,257.0,257.0,12.0,0.0
1213,psp10in.F90,14.0,14.0,5.0,121.0,16.0,87.0,19.0,2.0,0.0,1.0,1.0,320.0,36.0,176.0,54.0,120.0,112.0,142.0,30.0,112.0,28.0,28.0,10.0,5.0,0.64,28.0,28.0,10.0,0.0
1214,nmsq_pure_gkk.F90,3.0,3.0,0.0,56.0,15.0,26.0,18.0,2.0,0.0,1.0,1.0,160.0,35.0,54.0,27.0,26.0,79.0,48.0,23.0,25.0,7.0,7.0,1.0,4.0,1.46,7.0,7.0,1.0,0.0
1215,defs_param_lotf.F90,1.0,1.0,1.0,40.0,12.0,15.0,13.0,1.0,1.0,1.0,1.0,123.0,32.0,34.0,25.0,8.0,63.0,29.0,21.0,8.0,1.0,1.0,1.0,0.0,1.85,1.0,1.0,1.0,0.0
1216,adini.F90,34.0,14.0,26.0,242.0,29.0,205.0,9.0,2.0,0.0,1.0,1.0,526.0,62.0,413.0,31.0,381.0,56.0,399.0,17.0,382.0,68.0,29.0,52.0,5.0,0.14,68.0,29.0,52.0,0.0
1217,chiscwrt.F90,13.0,13.0,7.0,83.0,14.0,57.0,14.0,1.0,0.0,1.0,1.0,133.0,18.0,59.0,20.0,38.0,60.0,56.0,18.0,38.0,13.0,13.0,7.0,4.0,1.02,13.0,13.0,7.0,0.0
1218,dsdr_k_paw.F90,10.0,10.0,1.0,85.0,15.0,52.0,25.0,1.0,0.0,1.0,1.0,135.0,19.0,54.0,20.0,33.0,71.0,51.0,18.0,33.0,10.0,10.0,1.0,7.0,1.31,10.0,10.0,1.0,0.0
1219,mkcore_inner.F90,21.0,21.0,1.0,199.0,20.0,127.0,57.0,1.0,0.0,1.0,1.0,238.0,23.0,129.0,36.0,92.0,93.0,110.0,31.0,79.0,21.0,21.0,1.0,5.0,0.72,21.0,21.0,1.0,0.0
1220,mkfskgrid.F90,15.0,15.0,1.0,178.0,37.0,113.0,32.0,1.0,0.0,1.0,1.0,227.0,40.0,115.0,38.0,76.0,78.0,93.0,21.0,72.0,15.0,15.0,1.0,4.0,0.68,15.0,15.0,1.0,0.0
1221,m_xmpi.F90,2.0,2.0,1.0,41.0,9.0,18.0,13.0,34.0,1.0,1.0,34.0,4866.0,858.0,1815.0,530.0,195.0,2315.0,717.0,505.0,212.0,6.0,6.0,4.0,3.0,1.28,78.0,78.0,42.0,0.0
1222,xmpi_alltoallv.finc,3.0,3.0,1.0,40.0,7.0,20.0,13.0,4.0,0.0,4.0,4.0,235.0,36.0,82.0,36.0,21.0,117.0,80.0,36.0,44.0,4.0,4.0,1.0,1.0,1.43,15.0,15.0,4.0,0.0
1223,xmpi_min.finc,1.0,1.0,1.0,36.0,8.0,16.0,12.0,2.0,0.0,2.0,2.0,123.0,18.0,32.0,16.0,4.0,73.0,20.0,16.0,4.0,1.0,1.0,1.0,0.0,2.28,2.0,2.0,2.0,0.0
1224,cont24.F90,1.0,1.0,1.0,80.0,14.0,49.0,17.0,1.0,0.0,1.0,1.0,135.0,18.0,51.0,8.0,42.0,68.0,13.0,7.0,6.0,1.0,1.0,1.0,0.0,1.33,1.0,1.0,1.0,0.0
1225,memory.F90,48.0,48.0,0.0,420.0,44.0,275.0,121.0,2.0,0.0,1.0,1.0,1007.0,92.0,553.0,71.0,481.0,406.0,590.0,36.0,554.0,96.0,96.0,1.0,4.0,0.73,96.0,96.0,1.0,0.0
1226,pawprt.F90,56.0,56.0,1.0,261.0,14.0,232.0,22.0,2.0,0.0,1.0,1.0,578.0,31.0,466.0,78.0,387.0,96.0,459.0,48.0,411.0,113.0,113.0,3.0,7.0,0.21,113.0,113.0,3.0,0.0
1227,prep_bandfft_tabs.F90,11.0,11.0,1.0,147.0,22.0,112.0,14.0,1.0,0.0,1.0,1.0,187.0,25.0,114.0,54.0,59.0,51.0,79.0,24.0,55.0,11.0,11.0,1.0,2.0,0.45,11.0,11.0,1.0,0.0
1228,chkint_ge.F90,1.0,1.0,0.0,26.0,5.0,14.0,7.0,2.0,0.0,1.0,1.0,112.0,14.0,30.0,18.0,11.0,71.0,24.0,14.0,10.0,3.0,3.0,1.0,1.0,2.37,3.0,3.0,1.0,0.0
1229,sumrule.F90,9.0,9.0,7.0,97.0,18.0,60.0,19.0,2.0,0.0,2.0,2.0,285.0,45.0,124.0,40.0,82.0,120.0,109.0,32.0,77.0,12.0,12.0,10.0,3.0,0.97,19.0,19.0,14.0,0.0
1230,m_paw_atom.F90,11.0,11.0,1.0,93.0,12.0,65.0,15.0,5.0,0.0,0.0,5.0,1.0,0.0,0.0,0.0,0.0,1.0,0.0,0.0,0.0,18.0,18.0,1.0,4.0,0.00,55.0,55.0,5.0,0.0
1231,getmpw.F90,2.0,2.0,1.0,69.0,14.0,30.0,25.0,1.0,0.0,1.0,1.0,114.0,17.0,32.0,22.0,9.0,67.0,28.0,19.0,9.0,2.0,2.0,1.0,1.0,2.09,2.0,2.0,1.0,0.0
1232,dfpt_etot.F90,14.0,14.0,1.0,85.0,18.0,51.0,19.0,1.0,0.0,1.0,1.0,157.0,22.0,53.0,17.0,35.0,87.0,48.0,13.0,35.0,14.0,14.0,1.0,4.0,1.64,14.0,14.0,1.0,0.0
1233,m_paw_sphharm.F90,15.0,15.0,1.0,96.0,13.0,67.0,18.0,15.0,0.0,0.0,15.0,3.0,2.0,0.0,0.0,0.0,1.0,0.0,0.0,0.0,60.0,60.0,1.0,7.0,0.00,234.0,226.0,15.0,0.0
1234,m_scf_history.F90,9.0,9.0,1.0,63.0,12.0,40.0,11.0,3.0,1.0,1.0,3.0,423.0,83.0,159.0,76.0,82.0,184.0,137.0,53.0,84.0,14.0,14.0,1.0,5.0,1.16,28.0,28.0,3.0,0.0
1235,defs_elphon.F90,13.0,13.0,1.0,68.0,10.0,49.0,9.0,5.0,1.0,1.0,5.0,763.0,134.0,382.0,228.0,153.0,339.0,311.0,157.0,154.0,27.0,27.0,1.0,2.0,0.89,66.0,66.0,5.0,0.0
1236,outvar_i_n.F90,50.0,50.0,0.0,485.0,96.0,342.0,61.0,2.0,0.0,1.0,1.0,1048.0,196.0,687.0,73.0,603.0,197.0,643.0,34.0,609.0,101.0,101.0,1.0,4.0,0.29,101.0,101.0,1.0,0.0
1237,vdw_dftd3.F90,76.0,72.0,9.0,523.0,25.0,410.0,116.0,3.0,0.0,1.0,3.0,1609.0,65.0,1216.0,260.0,955.0,412.0,1118.0,130.0,988.0,226.0,215.0,26.0,0.0,0.34,228.0,217.0,28.0,0.0
1238,m_green.F90,16.0,16.0,1.0,120.0,14.0,77.0,33.0,21.0,1.0,1.0,21.0,3306.0,379.0,1695.0,462.0,1232.0,1331.0,1522.0,382.0,1140.0,62.0,62.0,1.0,12.0,0.79,337.0,337.0,21.0,0.0
1239,get_all_gkq.F90,3.0,3.0,0.0,77.0,15.0,41.0,24.0,2.0,0.0,1.0,1.0,211.0,33.0,84.0,37.0,45.0,102.0,67.0,27.0,40.0,6.0,6.0,1.0,2.0,1.21,6.0,6.0,1.0,0.0
1240,m_pawang.F90,10.0,10.0,1.0,175.0,29.0,96.0,51.0,10.0,0.0,1.0,10.0,1007.0,163.0,483.0,80.0,362.0,372.0,497.0,80.0,417.0,34.0,34.0,1.0,12.0,0.77,103.0,103.0,10.0,0.0
1241,gwls_TimingLog.F90,2.0,2.0,1.0,40.0,11.0,20.0,12.0,5.0,1.0,1.0,5.0,369.0,82.0,119.0,49.0,69.0,189.0,115.0,51.0,64.0,3.0,3.0,1.0,2.0,1.59,12.0,12.0,5.0,0.0
1242,ddb_chkname.F90,3.0,3.0,1.0,46.0,11.0,25.0,10.0,1.0,0.0,1.0,1.0,89.0,15.0,27.0,12.0,14.0,49.0,20.0,10.0,10.0,3.0,3.0,1.0,1.0,1.81,3.0,3.0,1.0,0.0
1243,chkint_eq.F90,2.0,2.0,0.0,26.0,5.0,14.0,7.0,2.0,0.0,1.0,1.0,112.0,14.0,30.0,15.0,14.0,71.0,26.0,13.0,13.0,5.0,5.0,1.0,3.0,2.37,5.0,5.0,1.0,0.0
1244,prep_index_wavef_bandpp.F90,5.0,5.0,1.0,71.0,14.0,34.0,23.0,1.0,0.0,1.0,1.0,112.0,17.0,36.0,14.0,21.0,61.0,28.0,9.0,19.0,5.0,5.0,1.0,3.0,1.69,5.0,5.0,1.0,0.0
1245,initmpi_pert.F90,7.0,7.0,0.0,49.0,6.0,36.0,8.0,2.0,0.0,1.0,1.0,139.0,17.0,75.0,27.0,47.0,52.0,68.0,16.0,52.0,15.0,15.0,1.0,5.0,0.69,15.0,15.0,1.0,0.0
1246,m_model_screening.F90,6.0,6.0,3.0,72.0,10.0,45.0,17.0,11.0,1.0,1.0,11.0,1195.0,148.0,525.0,134.0,388.0,550.0,552.0,129.0,423.0,23.0,23.0,13.0,4.0,1.05,75.0,75.0,34.0,0.0
1247,m_esymm.F90,14.0,14.0,3.0,137.0,22.0,82.0,37.0,9.0,1.0,1.0,9.0,1660.0,282.0,810.0,270.0,501.0,622.0,687.0,172.0,515.0,34.0,33.0,17.0,7.0,0.77,128.0,127.0,31.0,0.0
1248,nres2vres.F90,21.0,21.0,1.0,214.0,32.0,148.0,37.0,1.0,0.0,1.0,1.0,286.0,35.0,150.0,63.0,86.0,106.0,116.0,36.0,80.0,21.0,21.0,1.0,3.0,0.71,21.0,21.0,1.0,0.0
1249,gwls_GWanalyticPart.F90,4.0,4.0,3.0,64.0,11.0,31.0,23.0,1.0,1.0,1.0,1.0,159.0,28.0,59.0,32.0,26.0,76.0,59.0,31.0,28.0,4.0,4.0,3.0,2.0,1.29,4.0,4.0,3.0,0.0
1250,ks_ddiago.F90,37.0,37.0,1.0,462.0,73.0,325.0,89.0,1.0,0.0,1.0,1.0,566.0,76.0,327.0,122.0,204.0,190.0,262.0,70.0,192.0,37.0,37.0,1.0,3.0,0.58,37.0,37.0,1.0,0.0
1251,symsgmono.F90,59.0,23.0,0.0,262.0,6.0,248.0,62.0,2.0,0.0,1.0,1.0,574.0,16.0,498.0,18.0,479.0,171.0,543.0,16.0,527.0,118.0,46.0,1.0,3.0,0.34,118.0,46.0,1.0,0.0
1252,m_use_ga.F90,7.0,7.0,1.0,63.0,11.0,41.0,11.0,11.0,1.0,1.0,11.0,811.0,158.0,467.0,159.0,307.0,192.0,434.0,114.0,320.0,53.0,50.0,4.0,6.0,0.41,81.0,78.0,16.0,0.0
1253,initmpi_grid.F90,3.0,3.0,1.0,287.0,43.0,193.0,58.0,1.0,0.0,1.0,1.0,330.0,47.0,195.0,15.0,22.0,97.0,35.0,12.0,23.0,3.0,3.0,1.0,1.0,0.50,3.0,3.0,1.0,0.0
1254,prcref_PMA.F90,30.0,30.0,0.0,238.0,25.0,180.0,35.0,2.0,0.0,1.0,1.0,612.0,53.0,363.0,131.0,231.0,203.0,296.0,66.0,230.0,61.0,61.0,1.0,6.0,0.56,61.0,61.0,1.0,0.0
1255,vdw_kernelgen.F90,1.0,1.0,1.0,147.0,31.0,73.0,43.0,1.0,0.0,1.0,1.0,188.0,34.0,75.0,3.0,0.0,81.0,2.0,2.0,0.0,1.0,1.0,1.0,0.0,1.08,1.0,1.0,1.0,0.0
1256,ptg_T.F90,2.0,2.0,1.0,128.0,9.0,107.0,12.0,1.0,0.0,1.0,1.0,168.0,13.0,109.0,20.0,88.0,48.0,100.0,11.0,89.0,2.0,2.0,1.0,1.0,0.44,2.0,2.0,1.0,0.0
1257,wvl_wfsinp_reformat.F90,2.0,2.0,1.0,187.0,27.0,117.0,43.0,1.0,0.0,1.0,1.0,239.0,31.0,119.0,23.0,2.0,91.0,23.0,21.0,2.0,2.0,2.0,1.0,1.0,0.76,2.0,2.0,1.0,0.0
1258,read_plowannier.F90,22.0,22.0,1.0,140.0,13.0,100.0,29.0,1.0,0.0,1.0,1.0,206.0,17.0,102.0,31.0,70.0,91.0,94.0,26.0,68.0,22.0,22.0,1.0,7.0,0.89,22.0,22.0,1.0,0.0
1259,ptgmadata.F90,58.0,2.0,1.0,143.0,8.0,125.0,10.0,1.0,0.0,1.0,1.0,186.0,12.0,127.0,8.0,118.0,49.0,125.0,7.0,118.0,58.0,2.0,1.0,1.0,0.39,58.0,2.0,1.0,0.0
1260,mpi_setup.F90,72.0,72.0,6.0,408.0,53.0,302.0,60.0,2.0,0.0,1.0,1.0,868.0,109.0,607.0,96.0,508.0,169.0,560.0,43.0,517.0,145.0,145.0,12.0,8.0,0.28,145.0,145.0,12.0,0.0
1261,m_pred_lotf.F90,29.0,29.0,1.0,338.0,74.0,167.0,97.0,1.0,1.0,1.0,1.0,425.0,83.0,180.0,47.0,132.0,165.0,168.0,38.0,130.0,29.0,29.0,1.0,4.0,0.92,29.0,29.0,1.0,0.0
1262,ludcmp.F90,12.0,12.0,2.0,73.0,7.0,48.0,19.0,2.0,0.0,2.0,2.0,212.0,22.0,98.0,18.0,79.0,95.0,98.0,17.0,81.0,17.0,17.0,3.0,3.0,0.97,24.0,24.0,4.0,0.0
1263,paw_mknewh0.F90,29.0,29.0,1.0,269.0,38.0,186.0,60.0,1.0,0.0,1.0,1.0,319.0,41.0,188.0,63.0,116.0,107.0,154.0,41.0,113.0,29.0,29.0,1.0,6.0,0.57,29.0,29.0,1.0,0.0
1264,smeared_delta.F90,15.0,15.0,1.0,90.0,19.0,50.0,21.0,1.0,0.0,1.0,1.0,130.0,23.0,52.0,14.0,37.0,57.0,51.0,12.0,39.0,15.0,15.0,1.0,3.0,1.10,15.0,15.0,1.0,0.0
1265,m_random_zbq.F90,5.0,5.0,1.0,97.0,8.0,36.0,53.0,2.0,1.0,1.0,2.0,275.0,32.0,97.0,39.0,57.0,149.0,83.0,27.0,56.0,6.0,6.0,1.0,2.0,1.54,11.0,11.0,2.0,0.0
1266,make_fc_paw.F90,19.0,19.0,1.0,148.0,21.0,100.0,41.0,1.0,0.0,1.0,1.0,206.0,24.0,102.0,30.0,71.0,96.0,102.0,26.0,76.0,19.0,19.0,1.0,10.0,0.94,19.0,19.0,1.0,0.0
1267,poslifetime.F90,196.0,196.0,1.0,877.0,56.0,748.0,101.0,1.0,0.0,1.0,1.0,945.0,59.0,750.0,174.0,575.0,166.0,678.0,59.0,619.0,196.0,196.0,1.0,11.0,0.22,196.0,196.0,1.0,0.0
1268,mkkpg.F90,8.0,8.0,1.0,67.0,13.0,33.0,22.0,1.0,0.0,1.0,1.0,111.0,17.0,35.0,17.0,17.0,62.0,32.0,13.0,19.0,8.0,8.0,1.0,3.0,1.77,8.0,8.0,1.0,0.0
1269,m_fock.F90,12.0,12.0,2.0,125.0,17.0,65.0,44.0,15.0,1.0,1.0,13.0,2623.0,365.0,1077.0,349.0,723.0,1214.0,1017.0,232.0,785.0,54.0,54.0,11.0,8.0,1.13,183.0,183.0,35.0,0.0
1270,m_mpinfo.F90,5.0,5.0,1.0,46.0,9.0,27.0,9.0,16.0,1.0,1.0,16.0,1233.0,219.0,468.0,154.0,310.0,563.0,413.0,112.0,301.0,15.0,15.0,1.0,3.0,1.20,81.0,81.0,16.0,0.0
1271,calc_sigc_me.F90,81.0,78.0,4.0,630.0,69.0,430.0,170.0,2.0,0.0,1.0,1.0,1383.0,142.0,863.0,244.0,603.0,460.0,694.0,106.0,588.0,162.0,157.0,9.0,9.0,0.53,162.0,157.0,9.0,0.0
1272,m_io_screening.F90,9.0,9.0,4.0,111.0,19.0,67.0,25.0,18.0,1.0,1.0,18.0,2753.0,453.0,1294.0,394.0,670.0,1060.0,941.0,257.0,684.0,34.0,34.0,23.0,7.0,0.82,179.0,175.0,78.0,0.0
1273,calc_ubare.F90,3.0,3.0,0.0,37.0,3.0,30.0,4.0,4.0,0.0,1.0,1.0,198.0,15.0,124.0,32.0,91.0,62.0,100.0,22.0,78.0,15.0,15.0,1.0,7.0,0.50,15.0,15.0,1.0,0.0
1274,scprqt.F90,44.0,43.0,0.0,247.0,22.0,197.0,31.0,3.0,0.0,1.0,2.0,831.0,67.0,587.0,60.0,515.0,190.0,519.0,45.0,474.0,132.0,130.0,1.0,0.0,0.32,133.0,131.0,2.0,0.0
1275,wvl_descr_atoms_set_sym.F90,2.0,2.0,1.0,65.0,12.0,35.0,18.0,1.0,0.0,1.0,1.0,109.0,14.0,37.0,19.0,2.0,60.0,18.0,16.0,2.0,2.0,2.0,1.0,1.0,1.62,2.0,2.0,1.0,0.0
1276,wvl_memory.F90,2.0,2.0,1.0,165.0,23.0,119.0,24.0,1.0,0.0,1.0,1.0,219.0,26.0,121.0,19.0,1.0,75.0,19.0,17.0,2.0,2.0,2.0,1.0,1.0,0.62,2.0,2.0,1.0,0.0
1277,mkrdim.F90,3.0,3.0,1.0,31.0,8.0,13.0,10.0,1.0,0.0,1.0,1.0,75.0,12.0,15.0,9.0,5.0,50.0,13.0,8.0,5.0,3.0,3.0,1.0,2.0,3.33,3.0,3.0,1.0,0.0
1278,m_lotf.F90,8.0,8.0,1.0,100.0,21.0,55.0,25.0,13.0,1.0,1.0,13.0,1638.0,308.0,749.0,236.0,513.0,611.0,689.0,196.0,493.0,59.0,59.0,7.0,7.0,0.82,105.0,105.0,22.0,0.0
1279,hybridization_asymptotic_coefficient.F90,6.0,6.0,1.0,141.0,29.0,54.0,58.0,1.0,0.0,1.0,1.0,184.0,33.0,56.0,24.0,31.0,97.0,54.0,23.0,31.0,6.0,6.0,1.0,5.0,1.73,6.0,6.0,1.0,0.0
1280,d2c_weights.F90,268.0,268.0,1.0,828.0,35.0,779.0,71.0,1.0,0.0,1.0,1.0,870.0,38.0,781.0,23.0,757.0,110.0,773.0,19.0,754.0,268.0,268.0,1.0,10.0,0.14,268.0,268.0,1.0,0.0
1281,gwls_GWlanczos.F90,10.0,10.0,1.0,218.0,55.0,117.0,85.0,3.0,1.0,1.0,4.0,790.0,185.0,381.0,128.0,252.0,346.0,281.0,102.0,179.0,15.0,15.0,3.0,3.0,0.91,30.0,30.0,5.0,0.0
1282,memorf.F90,13.0,13.0,0.0,174.0,23.0,103.0,48.0,2.0,0.0,1.0,1.0,465.0,49.0,209.0,38.0,170.0,211.0,236.0,29.0,207.0,27.0,27.0,1.0,2.0,1.01,27.0,27.0,1.0,0.0
1283,m_lobpcg.F90,6.0,6.0,1.0,73.0,14.0,49.0,11.0,1.0,1.0,1.0,1.0,179.0,27.0,64.0,38.0,25.0,91.0,50.0,27.0,23.0,6.0,6.0,1.0,2.0,1.42,6.0,6.0,1.0,0.0
1284,prtbltztrp_tau_out.F90,14.0,14.0,1.0,180.0,32.0,129.0,37.0,1.0,0.0,1.0,1.0,236.0,38.0,131.0,23.0,107.0,87.0,119.0,20.0,99.0,14.0,14.0,1.0,4.0,0.66,14.0,14.0,1.0,0.0
1285,fock_getghc.F90,52.0,52.0,7.0,537.0,47.0,365.0,135.0,1.0,0.0,1.0,1.0,584.0,50.0,367.0,107.0,257.0,179.0,311.0,43.0,268.0,52.0,52.0,7.0,7.0,0.49,52.0,52.0,7.0,0.0
1286,m_elpa.F90,0.0,0.0,0.0,0.0,0.0,0.0,0.0,0.0,1.0,1.0,0.0,725.0,123.0,139.0,8.0,0.0,472.0,7.0,7.0,0.0,0.0,0.0,0.0,0.0,3.40,0.0,0.0,0.0,0.0
1287,clnup2.F90,18.0,18.0,1.0,177.0,26.0,126.0,25.0,1.0,0.0,1.0,1.0,232.0,30.0,128.0,16.0,111.0,76.0,107.0,14.0,93.0,18.0,18.0,1.0,4.0,0.59,18.0,18.0,1.0,0.0
1288,ebands.f90,10.0,10.0,3.0,130.0,9.0,113.0,10.0,4.0,0.0,1.0,4.0,293.0,23.0,255.0,44.0,210.0,22.0,256.0,44.0,212.0,17.0,17.0,4.0,3.0,0.09,42.0,42.0,12.0,0.0
1289,cgwf.F90,68.0,68.0,7.0,606.0,73.0,404.0,145.0,2.0,0.0,1.0,1.0,1319.0,150.0,811.0,181.0,629.0,395.0,659.0,70.0,589.0,136.0,136.0,14.0,9.0,0.49,136.0,136.0,14.0,0.0
1290,wfsinp.F90,49.0,49.0,17.0,704.0,109.0,391.0,216.0,1.0,0.0,1.0,1.0,828.0,114.0,393.0,73.0,184.0,335.0,231.0,41.0,190.0,49.0,49.0,17.0,9.0,0.85,49.0,49.0,17.0,0.0
1291,m_results_out.F90,23.0,23.0,1.0,156.0,15.0,123.0,19.0,4.0,1.0,1.0,4.0,902.0,104.0,530.0,173.0,356.0,276.0,476.0,84.0,392.0,29.0,29.0,1.0,6.0,0.52,94.0,94.0,4.0,0.0
1292,chkint_prt.F90,16.0,16.0,1.0,107.0,10.0,80.0,17.0,1.0,0.0,1.0,1.0,192.0,14.0,82.0,20.0,61.0,98.0,58.0,15.0,43.0,16.0,16.0,1.0,2.0,1.20,16.0,16.0,1.0,0.0
1293,m_paw_slater.F90,6.0,6.0,1.0,87.0,16.0,52.0,21.0,13.0,1.0,1.0,12.0,1722.0,291.0,742.0,309.0,411.0,743.0,629.0,207.0,422.0,15.0,15.0,4.0,5.0,1.00,87.0,87.0,15.0,0.0
1294,scfopt.F90,26.0,26.0,3.0,176.0,23.0,130.0,24.0,2.0,0.0,1.0,1.0,427.0,49.0,262.0,43.0,218.0,120.0,246.0,29.0,217.0,52.0,52.0,6.0,4.0,0.46,52.0,52.0,6.0,0.0
1295,dotproduct.F90,3.0,3.0,1.0,31.0,6.0,14.0,11.0,1.0,0.0,1.0,1.0,78.0,11.0,16.0,9.0,6.0,53.0,14.0,8.0,6.0,3.0,3.0,1.0,2.0,3.31,3.0,3.0,1.0,0.0
1296,pimd_langevin_npt.F90,27.0,27.0,1.0,384.0,67.0,242.0,79.0,1.0,0.0,1.0,1.0,455.0,70.0,244.0,72.0,171.0,147.0,193.0,31.0,162.0,27.0,27.0,1.0,4.0,0.60,27.0,27.0,1.0,0.0
1297,xcpositron.F90,28.0,28.0,0.0,145.0,12.0,119.0,19.0,2.0,0.0,1.0,1.0,361.0,27.0,240.0,44.0,195.0,106.0,264.0,34.0,230.0,57.0,57.0,1.0,4.0,0.44,57.0,57.0,1.0,0.0
1298,ptg_C2.F90,2.0,2.0,1.0,58.0,7.0,39.0,12.0,1.0,0.0,1.0,1.0,98.0,11.0,41.0,18.0,22.0,48.0,34.0,11.0,23.0,2.0,2.0,1.0,1.0,1.17,2.0,2.0,1.0,0.0
1299,m_phgamma.F90,11.0,11.0,2.0,122.0,21.0,75.0,29.0,24.0,1.0,1.0,24.0,3959.0,642.0,1879.0,729.0,1099.0,1550.0,1645.0,479.0,1166.0,51.0,51.0,13.0,8.0,0.82,269.0,265.0,49.0,0.0
1300,wrtout.F90,7.0,7.0,1.0,53.0,11.0,32.0,10.0,3.0,0.0,2.0,2.0,304.0,38.0,91.0,31.0,54.0,180.0,88.0,29.0,59.0,13.0,13.0,4.0,3.0,1.98,23.0,23.0,5.0,0.0
1301,gwls_QR_factorization.F90,10.0,10.0,1.0,183.0,53.0,87.0,61.0,4.0,1.0,1.0,4.0,895.0,241.0,372.0,122.0,249.0,360.0,294.0,92.0,202.0,36.0,36.0,1.0,4.0,0.97,42.0,42.0,4.0,0.0
1302,m_abimover.F90,6.0,5.0,1.0,84.0,14.0,44.0,28.0,20.0,1.0,1.0,20.0,2982.0,476.0,1102.0,347.0,651.0,1482.0,875.0,293.0,582.0,20.0,18.0,5.0,5.0,1.34,121.0,107.0,24.0,0.0
1303,dfpt_looppert.F90,64.0,64.0,3.0,660.0,53.0,520.0,105.0,3.0,0.0,1.0,1.0,2103.0,163.0,1562.0,390.0,1116.0,435.0,1160.0,167.0,993.0,192.0,192.0,11.0,5.0,0.28,192.0,192.0,11.0,0.0
1304,strsocv.F90,4.0,4.0,1.0,57.0,9.0,37.0,11.0,1.0,0.0,1.0,1.0,114.0,13.0,39.0,10.0,28.0,64.0,34.0,9.0,25.0,4.0,4.0,1.0,2.0,1.64,4.0,4.0,1.0,0.0
1305,dos_degeneratewfs.F90,10.0,10.0,1.0,90.0,17.0,37.0,40.0,1.0,0.0,1.0,1.0,133.0,21.0,39.0,14.0,24.0,79.0,41.0,13.0,28.0,10.0,10.0,1.0,6.0,2.03,10.0,10.0,1.0,0.0
1306,sphericaldens.F90,3.0,3.0,1.0,45.0,9.0,25.0,11.0,1.0,0.0,1.0,1.0,91.0,13.0,27.0,13.0,13.0,53.0,25.0,12.0,13.0,3.0,3.0,1.0,2.0,1.96,3.0,3.0,1.0,0.0
1307,sqnormm_v.F90,10.0,10.0,1.0,80.0,12.0,52.0,16.0,1.0,0.0,1.0,1.0,135.0,16.0,54.0,22.0,31.0,67.0,46.0,15.0,31.0,10.0,10.0,1.0,4.0,1.24,10.0,10.0,1.0,0.0
1308,xcpbe.F90,62.0,62.0,6.0,2519.0,354.0,1561.0,610.0,2.0,0.0,1.0,1.0,5153.0,712.0,3124.0,97.0,3026.0,1332.0,2884.0,74.0,2810.0,125.0,125.0,13.0,7.0,0.43,125.0,125.0,13.0,0.0
1309,m_wfd.F90,7.0,7.0,1.0,71.0,14.0,40.0,17.0,62.0,1.0,1.0,62.0,6560.0,1171.0,2728.0,1091.0,1638.0,2827.0,2557.0,845.0,1712.0,35.0,35.0,6.0,8.0,1.04,492.0,484.0,83.0,0.0
1310,conducti_nc.F90,28.0,28.0,0.0,305.0,35.0,224.0,52.0,2.0,0.0,1.0,1.0,696.0,73.0,450.0,130.0,323.0,187.0,363.0,46.0,317.0,57.0,57.0,1.0,8.0,0.42,57.0,57.0,1.0,0.0
1311,defs_parameters.F90,0.0,0.0,0.0,0.0,0.0,0.0,0.0,0.0,1.0,1.0,0.0,62.0,8.0,19.0,18.0,0.0,37.0,18.0,18.0,0.0,0.0,0.0,0.0,0.0,1.95,0.0,0.0,0.0,0.0
1312,m_libpaw_defs.F90,1.0,1.0,1.0,12.0,3.0,4.0,5.0,5.0,1.0,1.0,5.0,175.0,32.0,80.0,75.0,5.0,81.0,80.0,75.0,5.0,1.0,1.0,1.0,0.0,1.01,5.0,5.0,5.0,0.0
1313,complete_gkk.F90,45.0,45.0,14.0,292.0,57.0,181.0,64.0,1.0,0.0,1.0,1.0,347.0,61.0,183.0,34.0,148.0,115.0,166.0,29.0,137.0,45.0,45.0,14.0,9.0,0.63,45.0,45.0,14.0,0.0
1314,linmin.F90,0.0,0.0,0.0,19.0,3.0,8.0,8.0,2.0,0.0,1.0,1.0,82.0,11.0,18.0,13.0,4.0,55.0,16.0,12.0,4.0,1.0,1.0,1.0,0.0,3.06,1.0,1.0,1.0,0.0
